0.6324556916996836
0.6281250336997211
0.6129879537820816
0.6117823290161788
0.6012301267206669
0.5912665340408683
0.5843059571065008
0.5792941116899252
0.5669455186963082
0.5648749012291431
0.5648749012291431
0.5510524779468775
0.542733063890785
0.526885681758821
0.5235046900212764
0.5235046900212764
0.5196428432077169
0.5074987329147755
0.4920401607342064
0.4822720221452415
0.46416612731590867
0.46416612731590867
0.4397016022197902
0.4155992623314262
0.4011114461421967
0.38315314542204143
0.38315314542204143
0.3817994013212621
0.3817994013212621
0.37956653497219084
0.37731954722516237
0.3741633198224008
0.37087744308300313
0.37087744308300313
0.36866626304611566
0.3643735574312508
0.3642279759921134
0.360080851816386
0.360080851816386
0.3593983917266131
0.3587159316368401
0.3587159316368401
0.3493693433970213
0.3438231595538557
0.3438231595538557
0.3438231595538557
0.3438231595538557
0.3438231595538557
0.3366714885376394
0.3366714885376394
0.33244123400300746
0.33244123400300746
0.33244123400300746
0.33244123400300746
0.33244123400300746
0.32957536836862567
0.32957536836862567
0.32623065497316417
0.3259432380583137
0.3259432380583137
0.3238436370998621
0.3238436370998621
0.3238436370998621
0.32374671721793713
0.32374671721793713
0.32374671721793713
0.32374671721793713
0.32264577991217375
0.32264577991217375
0.32264577991217375
0.32264577991217375
0.3215680035572499
0.31837563680224124
0.31783748198598627
0.31695354772321876
0.3155917020738125
0.30944752321727576
0.30944752321727576
0.3052982576262206
0.3027617110833526
0.3014361423790455
0.3002990605987608
0.3002990605987608
0.3002990605987608
0.29775475090146064
0.29540093637444076
0.2915048189993948
0.2915048189993948
0.2913143238291145
0.28863694628290837
0.28863694628290837
0.2874867438517511
0.2860018720503896
0.28314912706688045
0.28314912706688045
0.2819566213220358
0.2819566213220358
0.2819566213220358
0.2819566213220358
0.2819566213220358
0.2819566213220358
0.2814546147055924
0.2814546147055924
0.2777601046726108
0.2703710846066475
0.2668570285126567
0.2668570280469954
0.2668570280469954
0.26585441693104805
0.2634603029128164
0.2572775690343231
0.2556908888567239
0.25410420867912475
0.25352154336422683
0.25325441274009647
0.25325441274009647
0.25315461749956014
0.2516926400780678
0.24760127174183727
0.24760127174183727
0.24678915905579923
0.24456600089892744
0.24234263961240649
0.24100395328402519
0.23731526136770845
0.23731526136770845
0.2314336660619825
0.22979243764691054
0.2296019422437996
0.22941144684068862
0.22941144684068862
0.22689806311130525
0.22689806311130525
0.21986827851012353
0.20457028466090557
0.20229799478054045
0.20229799478054045
0.1989512731388211
0.1989512731388211
0.19560455149710176
0.19560455149710176
0.18891110821366308
0.18891110821366308
0.18891110821366308
0.18891110821366308
0.18891110821366308
0.18891110821366308
0.18891110821366308
0.18891110821366308
0.18891110821366308
0.18891110821366308
0.18891110821366308
0.18891110821366308
0.18891110821366308
0.18891110821366308
0.18891110821366308
0.18891110821366308
0.18891110821366308
0.18891110821366308
0.18891110821366308
0.18891110821366308
0.1863872790891677
0.18325059774741528
0.18308493733815848
0.18291927692890167
0.17831773291174322
0.1773620452865958
0.17638312989324328
0.17638312989324328
0.17638312989324328
0.17638312989324328
0.17638312989324328
0.17637375636994834
0.17586438657194375
0.17586438657194375
0.17310073347762225
0.17026773721911012
0.16098226557485756
0.15792550665996968
0.15619940132126212
0.15619940132126212
0.15619940132126212
0.1549455152038485
0.15204297195300462
0.1496980574069545
0.1496980574069545
0.1496980574069545
0.14865977105144412
0.14790789818614725
0.14790789818614725
0.14790789818614725
0.1472128508202732
0.14651780345439913
0.14651780345439913
0.14651780345439913
0.14651780345439913
0.1458610434917733
0.1458610434917733
0.14520428352914752
0.14520428352914752
0.14520428352914752
0.14454752356652173
0.1356134497318417
0.13075769598782064
0.13075769598782064
0.13075769598782064
0.13075769598782064
0.13075769598782064
0.13075769598782064
0.13075769598782064
0.13075769598782064
0.13075769598782064
0.13075769598782064
0.1301204810384661
0.12948326608911156
0.12820883619040252
0.12820883619040252
0.12820883619040252
0.12820883619040252
0.1271692754155025
0.1271692754155025
0.1271692754155025
0.12612971464060246
0.12612971464060246
0.12509015386570244
0.12509015386570244
0.12405059309080242
0.12405059309080242
0.12199644505903123
0.12199644505903123
0.12199644505903123
0.11994229702726006
0.11994229702726006
0.11994229702726006
0.11994229702726006
0.1158340009637177
0.1158340009637177
0.1158340009637177
0.1158340009637177
0.1158340009637177
0.1158340009637177
0.1158340009637177
0.1158340009637177
0.1158340009637177
0.1158340009637177
0.1158340009637177
0.1158340009637177
0.1158340009637177
0.1158340009637177
0.1158340009637177
0.1158340009637177
0.1158340009637177
0.11283400317560881
0.11133400428155436
0.11133400428155436
0.10983400538749992
0.10983400538749992
0.10983400538749992
0.10983400538749992
0.10983400538749992
0.10983400538749992
0.10983400538749992
0.10983400538749992
0.10983400538749992
0.10983400538749992
0.10983400538749992
0.10983400538749992
0.10983400538749992
0.10983400538749992
0.10983400538749992
0.10983400538749992
0.10983400538749992
0.10983400538749992
0.10815093911020085
0.10815093911020085
0.1047848065556027
0.1047848065556027
0.10310174027830361
0.10310174027830361
0.10310174027830361
0.10310174027830361
0.10310174027830361
0.10310174027830361
0.10310174027830361
0.10310174027830361
0.10310174027830361
0.10310174027830361
0.10310174027830361
0.10310174027830361
0.10310174027830361
0.10310174027830361
0.10310174027830361
0.10310174027830361
0.10310174027830361
0.10310174027830361
0.10310174027830361
0.10310174027830361
0.10310174027830361
0.10310174027830361
0.10310174027830361
0.10310174027830361
0.10310174027830361
0.10310174027830361
0.10310174027830361
0.10310174027830361
0.10310174027830361
0.10310174027830361
0.10310174027830361
0.10310174027830361
0.10310174027830361
0.10310174027830361
0.10310174027830361
0.10310174027830361
0.10310174027830361
0.10310174027830361
0.10310174027830361
0.10310174027830361
0.10310174027830361
0.10310174027830361
0.10310174027830361
0.10310174027830361
0.10310174027830361
0.10310174027830361
0.10310174027830361
0.10310174027830361
0.10310174027830361
0.10310174027830361
0.10310174027830361
0.10310174027830361
0.10310174027830361
0.10310174027830361
0.10310174027830361
0.10310174027830361
0.10310174027830361
0.10310174027830361
0.10310174027830361
0.10310174027830361
0.10310174027830361
0.10310174027830361
0.10310174027830361
0.10310174027830361
0.10310174027830361
0.10310174027830361
0.10310174027830361
0.10310174027830361
0.10310174027830361
0.10310174027830361
0.10310174027830361
0.10310174027830361
0.10310174027830361
0.10310174027830361
0.10310174027830361
0.10310174027830361
0.10310174027830361
0.10310174027830361
0.10310174027830361
0.10310174027830361
0.10310174027830361
0.10310174027830361
0.10310174027830361
0.10310174027830361
0.10310174027830361
0.10310174027830361
0.10310174027830361
0.10310174027830361
0.10310174027830361
0.10310174027830361
0.10310174027830361
0.10310174027830361
0.10310174027830361
0.10310174027830361
0.10310174027830361
0.10310174027830361
0.10310174027830361
0.10310174027830361
0.10310174027830361
0.10310174027830361
0.10310174027830361
0.10310174027830361
0.10310174027830361
0.10310174027830361
0.10310174027830361
0.10310174027830361
0.10310174027830361
0.10310174027830361
0.10310174027830361
0.10310174027830361
0.10310174027830361
0.10310174027830361
0.10310174027830361
0.10310174027830361
0.10310174027830361
0.10310174027830361
0.10310174027830361
0.10310174027830361
0.10310174027830361
0.10310174027830361
0.10310174027830361
0.10310174027830361
0.10310174027830361
0.10310174027830361
0.10310174027830361
0.10310174027830361
0.10310174027830361
0.10310174027830361
0.10310174027830361
0.10310174027830361
0.10310174027830361
0.10310174027830361
0.10310174027830361
0.10310174027830361
0.10310174027830361
0.10310174027830361
0.10310174027830361
0.10310174027830361
0.10310174027830361
0.10310174027830361
0.10306010478902607
0.10306010478902607
0.10306010478902607
0.10301846929974853
0.10301846929974853
0.10301846929974853
0.10297683381047099
0.10297683381047099
0.10293519832119345
0.10293519832119345
0.10293519832119345
0.10293519832119345
0.10293519832119345
0.10293519832119345
0.10293519832119345
0.10293519832119345
0.10293519832119345
0.10293519832119345
0.10293519832119345
0.10293519832119345
0.10293519832119345
0.10293519832119345
0.10293519832119345
0.10293519832119345
0.10293519832119345
0.10293519832119345
0.10293519832119345
0.10293519832119345
0.10293519832119345
0.10293519832119345
0.10293519832119345
0.10293519832119345
0.10293519832119345
0.10293519832119345
0.10293519832119345
0.10293519832119345
0.10293519832119345
0.10293519832119345
0.10293519832119345
0.10293519832119345
0.10293519832119345
0.10293519832119345
0.10293519832119345
0.10293519832119345
0.10293519832119345
0.10293519832119345
0.10293519832119345
0.10293519832119345
0.10293519832119345
0.10293519832119345
0.10293519832119345
0.10293519832119345
0.10293519832119345
0.10293519832119345
0.10293519832119345
0.10293519832119345
0.10293519832119345
0.10293519832119345
0.10293519832119345
0.10293519832119345
0.10293519832119345
0.10293519832119345
0.10293519832119345
0.10293519832119345
0.10293519832119345
0.10293519832119345
0.10293519832119345
0.10293519832119345
0.10293519832119345
0.10293519832119345
0.10293519832119345
0.10293519832119345
0.10293519832119345
0.10293519832119345
0.10293519832119345
0.10293519832119345
0.10293519832119345
0.10293519832119345
0.10293519832119345
0.10293519832119345
0.10293519832119345
0.10293519832119345
0.10293519832119345
0.10293519832119345
0.10293519832119345
0.10293519832119345
0.10293519832119345
0.10293519832119345
0.10293519832119345
0.10293519832119345
0.10293519832119345
0.10293519832119345
0.10293519832119345
0.10293519832119345
0.10293519832119345
0.10293519832119345
0.10293519832119345
0.10293519832119345
0.10293519832119345
0.10293519832119345
0.10293519832119345
0.10293519832119345
0.10293519832119345
0.10293519832119345
0.10293519832119345
0.10293519832119345
0.10293519832119345
0.10293519832119345
0.10293519832119345
0.10293519832119345
0.10293519832119345
0.10293519832119345
0.10293519832119345
0.10293519832119345
0.10293519832119345
0.10293519832119345
0.10293519832119345
0.10293519832119345
0.10293519832119345
0.10293519832119345
0.10293519832119345
0.10293519832119345
0.10293519832119345
0.10293519832119345
0.10293519832119345
0.10293519832119345
0.10293519832119345
0.10293519832119345
0.10293519832119345
0.10293519832119345
0.10293519832119345
0.10293519832119345
0.10293519832119345
0.10293519832119345
0.10293519832119345
0.10293519832119345
0.10293519832119345
0.10293519832119345
0.10293519832119345
0.10293519832119345
0.10293519832119345
0.10293519832119345
0.10293519832119345
0.10293519832119345
0.10293519832119345
0.10293519832119345
0.10293519832119345
0.10293519832119345
0.10293519832119345
0.10293519832119345
0.10293519832119345
0.10293519832119345
0.10293519832119345
0.10293519832119345
0.10293519832119345
0.10293519832119345
0.10293519832119345
0.10293519832119345
0.10293519832119345
0.10293519832119345
0.10293519832119345
0.10293519832119345
0.10293519832119345
0.10293519832119345
0.10293519832119345
0.10293519832119345
0.10293519832119345
0.10293519832119345
0.10293519832119345
0.10293519832119345
0.10293519832119345
0.10293519832119345
0.10293519832119345
0.10293519832119345
0.10293519832119345
0.10293519832119345
0.10293519832119345
0.10293519832119345
0.10293519832119345
0.10293519832119345
0.10293519832119345
0.10293519832119345
0.10293519832119345
0.10293519832119345
0.10293519832119345
0.10293519832119345
0.10293519832119345
0.10293519832119345
0.10293519832119345
0.10293519832119345
0.10293519832119345
0.10293519832119345
0.10293519832119345
0.10293519832119345
0.10293519832119345
0.10293519832119345
0.10293519832119345
0.10293519832119345
0.10293519832119345
0.10293519832119345
0.10293519832119345
0.10293519832119345
0.10293519832119345
0.10293519832119345
0.10293519832119345
0.10293519832119345
0.10293519832119345
0.10293519832119345
0.10293519832119345
0.10293519832119345
0.10293519832119345
0.10293519832119345
0.10293519832119345
0.10293519832119345
0.10293519832119345
0.10293519832119345
0.10293519832119345
0.10293519832119345
0.10293519832119345
0.10293519832119345
0.10293519832119345
0.10293519832119345
0.10293519832119345
0.10293519832119345
0.10293519832119345
0.10293519832119345
0.10293519832119345
0.10293519832119345
0.10293519832119345
0.10293519832119345
0.10293519832119345
0.10293519832119345
0.10293519832119345
0.10293519832119345
0.10293519832119345
0.10293519832119345
0.10293519832119345
0.10293519832119345
0.10293519832119345
0.10293519832119345
0.10293519832119345
0.10293519832119345
0.10293519832119345
0.10293519832119345
0.10293519832119345
0.10293519832119345
0.10293519832119345
0.10293519832119345
0.10293519832119345
0.10293519832119345
0.10293519832119345
0.10293519832119345
0.10293519832119345
0.10293519832119345
0.10293519832119345
0.10293519832119345
0.10293519832119345
0.10293519832119345
0.10293519832119345
0.10293519832119345
0.10293519832119345
0.10293519832119345
0.10293519832119345
0.10293519832119345
0.10293519832119345
0.10293519832119345
0.10293519832119345
0.10293519832119345
0.10293519832119345
0.10293519832119345
0.10293519832119345
0.10293519832119345
0.10293519832119345
0.10293519832119345
0.10293519832119345
0.10293519832119345
0.10293519832119345
0.10293519832119345
0.10293519832119345
0.10293519832119345
0.10293519832119345
0.10293519832119345
0.10293519832119345
0.10293519832119345
0.10293519832119345
0.10293519832119345
0.10293519832119345
0.10293519832119345
0.10293519832119345
0.10293519832119345
0.10293519832119345
0.10293519832119345
0.10293519832119345
0.10293519832119345
0.10293519832119345
0.10293519832119345
0.10293519832119345
0.10293519832119345
0.10293519832119345
0.10293519832119345
0.10293519832119345
0.10293519832119345
0.10293519832119345
0.10293519832119345
0.10293519832119345
0.10293519832119345
0.10293519832119345
0.10293519832119345
0.10293519832119345
0.10293519832119345
0.10293519832119345
0.10293519832119345
0.10293519832119345
0.10293519832119345
0.10293519832119345
0.10293519832119345
0.10293519832119345
0.10293519832119345
0.10293519832119345
0.10293519832119345
0.10293519832119345
0.10293519832119345
0.10293519832119345
0.10293519832119345
0.10293519832119345
0.10293519832119345
0.10293519832119345
0.10293519832119345
0.10293519832119345
0.10293519832119345
0.10293519832119345
0.10293519832119345
0.10293519832119345
0.10293519832119345
0.10293519832119345
0.10293519832119345
0.10293519832119345
0.10293519832119345
0.10293519832119345
0.10293519832119345
0.10293519832119345
0.10293519832119345
0.10293519832119345
0.10293519832119345
0.10293519832119345
0.10293519832119345
0.10293519832119345
0.10293519832119345
0.10293519832119345
0.10293519832119345
0.10293519832119345
0.10293519832119345
0.10293519832119345
0.10293519832119345
0.10293519832119345
0.10293519832119345
0.10293519832119345
0.10293519832119345
0.10293519832119345
0.10293519832119345
0.10293519832119345
0.10293519832119345
0.10293519832119345
0.10293519832119345
0.10293519832119345
0.10293519832119345
0.10293519832119345
0.10293519832119345
0.10293519832119345
0.10293519832119345
0.10293519832119345
0.10293519832119345
0.10293519832119345
0.10293519832119345
0.10293519832119345
0.10293519832119345
0.10293519832119345
0.10293519832119345
0.10293519832119345
0.10293519832119345
0.10293519832119345
0.10293519832119345
0.10293519832119345
