0.6665396339759231
0.6660951755613089
0.6645460603520275
0.6608012927263975
0.652917282295227
0.6439475123405456
0.6406566173046827
0.6373846139520407
0.6373846139520407
0.6309000698521734
0.6309000698521734
0.6309000698521734
0.6309000698521734
0.6220824001118541
0.6220824001118541
0.6209158349633217
0.6182379454225302
0.6182379454225302
0.6171091794729233
0.6159804135233165
0.6159804135233165
0.6159804135233165
0.6159804135233165
0.6159804135233165
0.6159804135233165
0.6117723032504321
0.6117722995251418
0.6083293024122716
0.6083293024122716
0.6056514110088349
0.6056514110088349
0.6056514110088349
0.6056514110088349
0.6056514110088349
0.6045656393781305
0.6045656393781305
0.6045656393781305
0.6001435298502446
0.5970830949053167
0.5970830949053167
0.5962990826115012
0.5953035233303905
0.5949398705407977
0.5949398705407977
0.5949398705407977
0.5949398658841848
0.5949398658841848
0.5941747545868158
0.5926445310607552
0.5911143075346946
0.5911143075346946
0.5911143075346946
0.5911143075346946
0.5867540942534804
0.5852238716587423
0.5852238716587423
0.5825459830492734
0.5815504219055175
0.5807853096768261
0.5781074173420668
0.5781074173420668
0.5781074173420668
0.5758120871752501
0.5758120871752501
0.5758120871752501
0.5758120871752501
0.5758120871752501
0.5758120871752501
0.5750469768092037
0.5750469768092037
0.5750469768092037
0.573899308000505
0.573899308000505
0.573899308000505
0.5738993033438922
0.5738993033438922
0.5738993033438922
0.5738993033438922
0.5738993033438922
0.5738993033438922
0.5738993033438922
0.5738993033438922
0.5738993033438922
0.5727516429170967
0.5727516429170967
0.5716039824903012
0.5716039824903012
0.5716039824903012
0.5716039824903012
0.5716039824903012
0.5716039824903012
0.5716039824903012
0.571603980627656
0.571603980627656
0.571603980627656
0.571603980627656
0.571603980627656
0.5716039787650109
0.5716039787650109
0.5716039787650109
0.5716039787650109
0.5716039787650109
0.5716039787650109
0.5716039787650109
0.5716039787650109
0.5716039787650109
0.5716039787650109
0.5716039787650109
0.5716039787650109
0.5716039787650109
0.5716039787650109
0.5716039787650109
0.5716039787650109
0.5716039787650109
0.5716039787650109
0.5716039787650109
0.5716039787650109
0.5716039787650109
0.5716039787650109
0.5716039787650109
0.5716039787650109
0.5716039787650109
0.5716039787650109
0.5716039787650109
0.5716039787650109
0.5716039787650109
0.5716039787650109
0.5716039787650109
0.5716039787650109
0.5716039787650109
0.5716039787650109
0.5716039787650109
0.5716039787650109
0.5716039787650109
0.5716039787650109
0.5716039787650109
0.5716039787650109
0.5716039787650109
0.5716039787650109
0.5716039787650109
0.5716039787650109
0.5716039787650109
0.5716039787650109
0.5716039787650109
0.5716039787650109
0.5716039787650109
0.5716039787650109
0.5716039787650109
0.5716039787650109
0.5716039787650109
0.5716039787650109
0.5716039787650109
0.5716039787650109
0.5716039787650109
0.5716039787650109
0.5716039787650109
0.5716039787650109
0.5716039787650109
0.5716039787650109
0.5716039787650109
0.5716039787650109
0.5716039787650109
0.5716039787650109
0.5716039787650109
0.5716039787650109
0.5716039787650109
0.5716039787650109
0.5716039787650109
0.5716039787650109
0.5716039787650109
0.5716039787650109
0.5716039787650109
0.5716039787650109
0.5716039787650109
0.5716039787650109
0.5716039787650109
0.5716039787650109
0.5716039787650109
0.5716039787650109
0.5716039787650109
0.5716039787650109
0.5716039787650109
0.5716039787650109
0.5716039787650109
0.5716039787650109
0.5716039787650109
0.5716039787650109
0.5716039787650109
0.5716039787650109
0.5716039787650109
0.5716039787650109
0.5716039787650109
0.5716039787650109
0.5716039787650109
0.5716039787650109
0.5716039787650109
0.5716039787650109
0.5716039787650109
0.5716039787650109
0.5716039787650109
0.5716039787650109
0.5716039787650109
0.5716039787650109
0.5716039787650109
0.5716039787650109
0.5716039787650109
0.5716039787650109
0.5716039787650109
0.5716039787650109
0.5716039787650109
0.5716039787650109
0.5716039787650109
0.5716039787650109
0.5716039787650109
0.5716039787650109
0.5716039787650109
0.5716039787650109
0.5716039787650109
0.5716039787650109
0.5716039787650109
0.5716039787650109
0.5716039787650109
0.5716039787650109
0.5716039787650109
0.5716039787650109
0.5716039787650109
0.5716039787650109
0.5716039787650109
0.5716039787650109
0.5716039787650109
0.5716039787650109
0.5716039787650109
0.5716039787650109
0.5716039787650109
0.5716039787650109
0.5716039787650109
0.5716039787650109
0.5716039787650109
0.5716039787650109
0.5716039787650109
0.5716039787650109
0.5716039787650109
0.5716039787650109
0.5716039787650109
0.5716039787650109
0.5716039787650109
0.5716039787650109
0.5716039787650109
0.5716039787650109
0.5716039787650109
0.5716039787650109
0.5716039787650109
0.5716039787650109
0.5716039787650109
0.5716039787650109
0.5716039787650109
0.5716039787650109
0.5716039787650109
0.5716039787650109
0.5716039787650109
0.5716039787650109
0.5716039787650109
0.5716039787650109
0.5716039787650109
0.5716039787650109
0.5716039787650109
0.5716039787650109
0.5716039787650109
0.5716039787650109
0.5716039787650109
0.5716039787650109
0.5716039787650109
0.5716039787650109
0.5716039787650109
0.5716039787650109
0.5716039787650109
0.5716039787650109
0.5716039787650109
0.5716039787650109
0.5716039787650109
0.5716039787650109
0.5716039787650109
0.5716039787650109
0.5716039787650109
0.5716039787650109
0.5716039787650109
0.5716039787650109
0.5716039787650109
0.5716039787650109
0.5716039787650109
0.5716039787650109
0.5716039787650109
0.5716039787650109
0.5716039787650109
0.5716039787650109
0.5716039787650109
0.5716039787650109
0.5716039787650109
0.5716039787650109
0.5716039787650109
0.5716039787650109
0.5716039787650109
0.5716039787650109
0.5716039787650109
0.5716039787650109
0.5716039787650109
0.5716039787650109
0.5716039787650109
0.5716039787650109
0.5716039787650109
0.5716039787650109
0.5716039787650109
0.5716039787650109
0.5716039787650109
0.5716039787650109
0.5716039787650109
0.5716039787650109
0.5716039787650109
0.5716039787650109
0.5716039787650109
0.5716039787650109
0.5716039787650109
0.5716039787650109
0.5716039787650109
0.5716039787650109
0.5716039787650109
0.5716039787650109
0.5716039787650109
0.5716039787650109
0.5716039787650109
0.5716039787650109
0.5716039787650109
0.5716039787650109
0.5716039787650109
0.5716039787650109
0.5716039787650109
0.5716039787650109
0.5716039787650109
0.5716039787650109
0.5716039787650109
0.5716039787650109
0.5716039787650109
0.5716039787650109
0.5716039787650109
0.5716039787650109
0.5716039787650109
0.5716039787650109
0.5716039787650109
0.5716039787650109
0.5716039787650109
0.5716039787650109
0.5716039787650109
0.5716039787650109
0.5716039787650109
0.5716039787650109
0.5716039787650109
0.5716039787650109
0.5716039787650109
0.5716039787650109
0.5716039787650109
0.5716039787650109
0.5716039787650109
0.5716039787650109
0.5716039787650109
0.5716039787650109
0.5716039787650109
0.5716039787650109
0.5716039787650109
0.5716039787650109
0.5716039787650109
0.5716039787650109
0.5716039787650109
0.5716039787650109
0.5716039787650109
0.5716039787650109
0.5716039787650109
0.5716039787650109
0.5716039787650109
0.5716039787650109
0.5716039787650109
0.5716039787650109
0.5716039787650109
0.5716039787650109
0.5716039787650109
0.5716039787650109
0.5716039787650109
0.5716039787650109
0.5716039787650109
0.5716039787650109
0.5716039787650109
0.5716039787650109
0.5716039787650109
0.5716039787650109
0.5716039787650109
0.5716039787650109
0.5716039787650109
0.5716039787650109
0.5716039787650109
0.5716039787650109
0.5716039787650109
0.5716039787650109
0.5716039787650109
0.5716039787650109
0.5716039787650109
0.5716039787650109
0.5716039787650109
0.5716039787650109
0.5716039787650109
0.5716039787650109
0.5716039787650109
0.5716039787650109
0.5716039787650109
0.5716039787650109
0.5716039787650109
0.5716039787650109
0.5716039787650109
0.5716039787650109
0.5716039787650109
0.5716039787650109
0.5716039787650109
0.5716039787650109
0.5716039787650109
0.5716039787650109
0.5716039787650109
0.5716039787650109
0.5716039787650109
0.5716039787650109
0.5716039787650109
0.5716039787650109
0.5716039787650109
0.5716039787650109
0.5716039787650109
0.5716039787650109
0.5716039787650109
0.5716039787650109
0.5716039787650109
0.5716039787650109
0.5716039787650109
0.5716039787650109
0.5716039787650109
0.5716039787650109
0.5716039787650109
0.5716039787650109
0.5716039787650109
0.5716039787650109
0.5716039787650109
0.5716039787650109
0.5716039787650109
0.5716039787650109
0.5716039787650109
0.5716039787650109
0.5716039787650109
0.5716039787650109
0.5716039787650109
0.5716039787650109
0.5716039787650109
0.5716039787650109
0.5716039787650109
0.5716039787650109
0.5716039787650109
0.5716039787650109
0.5716039787650109
0.5716039787650109
0.5716039787650109
0.5716039787650109
0.5716039787650109
0.5716039787650109
0.5716039787650109
0.5716039787650109
0.5716039787650109
0.5716039787650109
0.5716039787650109
0.5716039787650109
0.5716039787650109
0.5716039787650109
0.5716039787650109
0.5716039787650109
0.5716039787650109
0.5716039787650109
0.5716039787650109
0.5716039787650109
0.5716039787650109
0.5716039787650109
0.5716039787650109
0.5716039787650109
0.5716039787650109
0.5716039787650109
0.5716039787650109
0.5716039787650109
0.5716039787650109
0.5716039787650109
0.5716039787650109
0.5716039787650109
0.5716039787650109
0.5716039787650109
0.5716039787650109
0.5716039787650109
0.5716039787650109
0.5716039787650109
0.5716039787650109
0.5716039787650109
0.5716039787650109
0.5716039787650109
0.5716039787650109
0.5716039787650109
0.5716039787650109
0.5716039787650109
0.5716039787650109
0.5716039787650109
0.5716039787650109
0.5716039787650109
0.5716039787650109
0.5716039787650109
0.5716039787650109
0.5716039787650109
0.5716039787650109
0.5716039787650109
0.5716039787650109
0.5716039787650109
0.5716039787650109
0.5716039787650109
0.5716039787650109
0.5716039787650109
0.5716039787650109
0.5716039787650109
0.5716039787650109
0.5716039787650109
0.5716039787650109
0.5716039787650109
0.5716039787650109
0.5716039787650109
0.5716039787650109
0.5716039787650109
0.5716039787650109
0.5716039787650109
0.5716039787650109
0.5716039787650109
0.5716039787650109
0.5716039787650109
0.5716039787650109
0.5716039787650109
0.5716039787650109
0.5716039787650109
0.5716039787650109
0.5716039787650109
0.5716039787650109
0.5716039787650109
0.5716039787650109
0.5716039787650109
0.5716039787650109
0.5716039787650109
0.5716039787650109
0.5716039787650109
0.5716039787650109
0.5716039787650109
0.5716039787650109
0.5716039787650109
0.5716039787650109
0.5716039787650109
0.5716039787650109
0.5716039787650109
0.5716039787650109
0.5716039787650109
0.5716039787650109
0.5716039787650109
0.5716039787650109
0.5716039787650109
0.5716039787650109
0.5716039787650109
0.5716039787650109
0.5716039787650109
0.5716039787650109
0.5716039787650109
0.5716039787650109
0.5716039787650109
0.5716039787650109
0.5716039787650109
0.5716039787650109
0.5716039787650109
0.5716039787650109
0.5716039787650109
0.5716039787650109
0.5716039787650109
0.5716039787650109
0.5716039787650109
0.5716039787650109
0.5716039787650109
0.5716039787650109
0.5716039787650109
0.5716039787650109
0.5716039787650109
0.5716039787650109
0.5716039787650109
0.5716039787650109
0.5716039787650109
0.5716039787650109
0.5716039787650109
0.5716039787650109
0.5716039787650109
0.5716039787650109
0.5716039787650109
0.5716039787650109
0.5716039787650109
0.5716039787650109
0.5716039787650109
0.5716039787650109
0.5716039787650109
0.5716039787650109
0.5716039787650109
0.5716039787650109
0.5716039787650109
0.5716039787650109
0.5716039787650109
0.5716039787650109
0.5716039787650109
0.5716039787650109
0.5716039787650109
0.5716039787650109
0.5716039787650109
0.5716039787650109
0.5716039787650109
0.5716039787650109
0.5716039787650109
0.5716039787650109
0.5716039787650109
0.5716039787650109
0.5716039787650109
0.5716039787650109
0.5716039787650109
0.5716039787650109
0.5716039787650109
0.5716039787650109
0.5716039787650109
0.5716039787650109
0.5716039787650109
0.5716039787650109
0.5716039787650109
0.5716039787650109
0.5716039787650109
0.5716039787650109
0.5716039787650109
0.5716039787650109
0.5716039787650109
0.5716039787650109
0.5716039787650109
0.5716039787650109
0.5716039787650109
0.5716039787650109
0.5716039787650109
0.5716039787650109
0.5716039787650109
0.5716039787650109
0.5716039787650109
0.5716039787650109
0.5716039787650109
0.5716039787650109
0.5716039787650109
0.5716039787650109
0.5716039787650109
0.5716039787650109
0.5716039787650109
0.5716039787650109
0.5716039787650109
0.5716039787650109
0.5716039787650109
0.5716039787650109
0.5716039787650109
0.5716039787650109
0.5716039787650109
0.5716039787650109
0.5716039787650109
0.5716039787650109
0.5716039787650109
0.5716039787650109
0.5716039787650109
0.5716039787650109
0.5716039787650109
0.5716039787650109
0.5716039787650109
0.5716039787650109
0.5716039787650109
0.5716039787650109
0.5716039787650109
0.5716039787650109
0.5716039787650109
0.5716039787650109
0.5716039787650109
0.5716039787650109
0.5716039787650109
0.5716039787650109
0.5716039787650109
0.5716039787650109
0.5716039787650109
0.5716039787650109
0.5716039787650109
0.5716039787650109
0.5716039787650109
0.5716039787650109
0.5716039787650109
0.5716039787650109
0.5716039787650109
0.5716039787650109
0.5716039787650109
0.5716039787650109
0.5716039787650109
0.5716039787650109
0.5716039787650109
0.5716039787650109
0.5716039787650109
0.5716039787650109
0.5716039787650109
0.5716039787650109
0.5716039787650109
0.5716039787650109
0.5716039787650109
0.5716039787650109
0.5716039787650109
0.5716039787650109
0.5716039787650109
0.5716039787650109
0.5716039787650109
0.5716039787650109
0.5716039787650109
0.5716039787650109
0.5716039787650109
0.5716039787650109
0.5716039787650109
0.5716039787650109
0.5716039787650109
0.5716039787650109
0.5716039787650109
0.5716039787650109
0.5716039787650109
0.5716039787650109
0.5716039787650109
0.5716039787650109
0.5716039787650109
0.5716039787650109
0.5716039787650109
0.5716039787650109
0.5716039787650109
0.5716039787650109
0.5716039787650109
0.5716039787650109
0.5716039787650109
0.5716039787650109
0.5716039787650109
0.5716039787650109
0.5716039787650109
0.5716039787650109
0.5716039787650109
0.5716039787650109
0.5716039787650109
0.5716039787650109
0.5716039787650109
0.5716039787650109
0.5716039787650109
0.5716039787650109
0.5716039787650109
0.5716039787650109
0.5716039787650109
0.5716039787650109
0.5716039787650109
0.5716039787650109
0.5716039787650109
0.5716039787650109
0.5716039787650109
0.5716039787650109
0.5716039787650109
0.5716039787650109
0.5716039787650109
0.5716039787650109
0.5716039787650109
0.5716039787650109
0.5716039787650109
0.5716039787650109
0.5716039787650109
0.5716039787650109
0.5716039787650109
0.5716039787650109
0.5716039787650109
0.5716039787650109
0.5716039787650109
0.5716039787650109
0.5716039787650109
0.5716039787650109
0.5716039787650109
0.5716039787650109
0.5716039787650109
0.5716039787650109
0.5716039787650109
0.5716039787650109
0.5716039787650109
0.5716039787650109
0.5716039787650109
0.5716039787650109
0.5716039787650109
0.5716039787650109
0.5716039787650109
0.5716039787650109
0.5716039787650109
0.5716039787650109
0.5716039787650109
0.5716039787650109
0.5716039787650109
0.5716039787650109
0.5716039787650109
0.5716039787650109
0.5716039787650109
0.5716039787650109
0.5716039787650109
0.5716039787650109
0.5716039787650109
0.5716039787650109
0.5716039787650109
0.5716039787650109
0.5716039787650109
0.5716039787650109
0.5716039787650109
0.5716039787650109
0.5716039787650109
0.5716039787650109
0.5716039787650109
0.5716039787650109
0.5716039787650109
0.5716039787650109
0.5716039787650109
0.5716039787650109
0.5716039787650109
0.5716039787650109
0.5716039787650109
0.5716039787650109
0.5716039787650109
0.5716039787650109
0.5716039787650109
0.5716039787650109
0.5716039787650109
0.5716039787650109
0.5716039787650109
0.5716039787650109
0.5716039787650109
0.5716039787650109
0.5716039787650109
0.5716039787650109
0.5716039787650109
0.5716039787650109
0.5716039787650109
0.5716039787650109
0.5716039787650109
0.5716039787650109
0.5716039787650109
0.5716039787650109
0.5716039787650109
0.5716039787650109
0.5716039787650109
0.5716039787650109
0.5716039787650109
0.5716039787650109
0.5716039787650109
0.5716039787650109
0.5716039787650109
0.5716039787650109
0.5716039787650109
0.5716039787650109
0.5716039787650109
0.5716039787650109
0.5716039787650109
0.5716039787650109
0.5716039787650109
0.5716039787650109
0.5716039787650109
0.5716039787650109
0.5716039787650109
0.5716039787650109
0.5716039787650109
0.5716039787650109
0.5716039787650109
0.5716039787650109
0.5716039787650109
0.5716039787650109
0.5716039787650109
0.5716039787650109
0.5716039787650109
0.5716039787650109
0.5716039787650109
0.5716039787650109
0.5716039787650109
0.5716039787650109
0.5716039787650109
0.5716039787650109
0.5716039787650109
0.5716039787650109
0.5716039787650109
0.5716039787650109
0.5716039787650109
0.5716039787650109
0.5716039787650109
0.5716039787650109
0.5716039787650109
0.5716039787650109
0.5716039787650109
0.5716039787650109
0.5716039787650109
0.5716039787650109
0.5716039787650109
0.5716039787650109
0.5716039787650109
0.5716039787650109
0.5716039787650109
0.5716039787650109
0.5716039787650109
0.5716039787650109
0.5716039787650109
0.5716039787650109
0.5716039787650109
0.5716039787650109
0.5716039787650109
0.5716039787650109
0.5716039787650109
0.5716039787650109
0.5716039787650109
0.5716039787650109
0.5716039787650109
0.5716039787650109
0.5716039787650109
0.5716039787650109
0.5716039787650109
0.5716039787650109
0.5716039787650109
0.5716039787650109
0.5716039787650109
0.5716039787650109
0.5716039787650109
0.5716039787650109
0.5716039787650109
0.5716039787650109
0.5716039787650109
0.5716039787650109
0.5716039787650109
0.5716039787650109
0.5716039787650109
0.5716039787650109
0.5716039787650109
0.5716039787650109
0.5716039787650109
0.5716039787650109
0.5716039787650109
0.5716039787650109
0.5716039787650109
0.5716039787650109
0.5716039787650109
0.5716039787650109
0.5716039787650109
0.5716039787650109
0.5716039787650109
0.5716039787650109
0.5716039787650109
0.5716039787650109
0.5716039787650109
0.5716039787650109
0.5716039787650109
0.5716039787650109
0.5716039787650109
0.5716039787650109
0.5716039787650109
0.5716039787650109
0.5716039787650109
0.5716039787650109
0.5716039787650109
0.5716039787650109
0.5716039787650109
0.5716039787650109
0.5716039787650109
0.5716039787650109
0.5716039787650109
0.5716039787650109
0.5716039787650109
0.5716039787650109
0.5716039787650109
0.5716039787650109
0.5716039787650109
0.5716039787650109
0.5716039787650109
0.5716039787650109
0.5716039787650109
0.5716039787650109
0.5716039787650109
0.5716039787650109
0.5716039787650109
0.5716039787650109
0.5716039787650109
0.5716039787650109
0.5716039787650109
0.5716039787650109
0.5716039787650109
0.5716039787650109
0.5716039787650109
0.5716039787650109
0.5716039787650109
0.5716039787650109
