0.7072219637701411
0.7079664451895152
0.7089365287945166
0.7061139049703378
0.7036414447239039
0.6978799423178036
0.6937847776846088
0.6915634573903676
0.68780246372357
0.6851100441774228
0.6905082254819569
0.6904185575734575
0.6864813003632427
0.6850909496756398
0.6804622859271368
0.6755513315016529
0.6788491882276536
0.6778721425289415
0.6655117909409605
0.6608907242867352
0.6588890300208328
0.6578667873396972
0.6577689061811067
0.655436342833191
0.6518969391201931
0.6495131482722856
0.6484572132501006
0.6493796122753122
0.6486502063270408
0.6469244064760705
0.649881607370128
0.6471489512278638
0.6490643437024457
0.6451323239886763
0.6441804330508415
0.6392900520009304
0.6350671280618513
0.6327675296016536
0.6266168385333819
0.6233456291328872
0.6213030964266764
0.6224222527397182
0.6194270826425657
0.6199064090217657
0.6170445505882804
0.6150090114556755
0.6158366209990286
0.6146729642357929
0.6134458367016916
0.6130331035671138
0.6101229883890851
0.6102311942193412
0.6087808071776234
0.6097473116016392
0.6087104595324402
0.6061032084381087
0.6052544532302524
0.6023467191021149
0.6004373428642258
0.5994151319114371
0.5988057369531695
0.5962909293098255
0.5972294967246558
0.5974201439569896
0.5980717476017282
0.5967238611964886
0.5970198475986226
0.5962286034273608
0.5950642317841454
0.5955469128868482
0.5945796613268557
0.5942474834993982
0.5957037145074212
0.5945547888298337
0.5915836065940066
0.5918373825091127
0.5897977183260027
0.5892730031665665
0.5880634665797158
0.5872868632454676
0.5869158005339407
0.5858057600508633
0.5864694848964613
0.586088191176852
0.5852070542360347
0.5857802569307886
0.5850540311383707
0.5856903642543655
0.5857662444195649
0.5841511697556082
0.5842264224642518
0.5831935226163767
0.5827095808574064
0.5822243800254169
0.5816869130420687
0.582263267361969
0.5832700321318212
0.581940690105806
0.5812017139485481
0.5814299865262709
0.581019408680151
0.5797454835924508
0.5798092418117327
0.5788394711743794
0.5777798078916472
0.5777032983762028
0.5785965576665105
0.5786615772871178
0.5787412387691937
0.578753360218406
0.5786787385984763
0.5791206437861424
0.5786979424108566
0.5781866080530484
0.5785647530966995
0.5783377396851282
0.5779775370214878
0.5773953616155685
0.5773660778926312
0.5769477869671583
0.5766710259227954
0.5777039265467725
0.5776899145322542
0.5774622708080711
0.5780208323243261
0.5788892178758485
0.5795140593895814
0.5797264304740227
0.579960373754253
0.5802032896214724
0.57936166707019
0.5786584255067507
0.5780609781130157
0.5783676525099577
0.5782892515599729
0.5782357241935531
0.5791818808170657
0.5781241064543031
0.5789255826891462
0.5791595260935526
0.5796179631492001
0.5779073253857098
0.5781011229082943
0.5783944160069032
0.578830498214861
0.5780118603892628
0.5789312536710504
0.5786781065473957
0.5792876754834754
0.5787125821302832
0.5781661419701082
0.5778799321970344
0.5774355072800815
0.5767851627704503
0.576541617242545
0.5774961159852148
0.5781554318400718
0.5791500762472549
0.5781019044736522
0.5782791700351236
0.5776415778461097
0.5774145646828907
0.5775337410512069
0.5772640624631442
0.5763860746639472
0.5759951773617666
0.5750113948340716
0.5746798468535643
0.5749081201763452
0.5761527614479757
0.5753863904567063
0.5753730085995793
0.5751434752724567
0.5754846252522863
0.5754846252522863
0.5760553085592385
0.5758270352364576
0.5758270352364576
0.575941171897848
0.5750280786067244
0.5749139419453341
0.5745715319611627
0.5742291219769915
0.5742291219769913
0.5742291219769914
0.5736584386700394
0.5729736187016966
0.5724029353947445
0.5727453453789159
0.5726312087175255
0.5724029353947446
0.5720605254105732
0.5718322520877925
0.5717181154264019
0.5717181154264019
0.5717181154264019
0.5716039787650116
0.5716039787650116
0.5716039787650116
0.5716039787650116
0.5716039787650116
0.5716039787650116
0.5716039787650116
0.5716039787650116
0.5716039787650116
0.5716039787650116
0.5716039787650116
0.5716039787650116
0.5716039787650116
0.5716039787650116
0.5716039787650116
0.5716039787650116
0.5716039787650116
0.5716039787650116
0.5716039787650116
0.5716039787650116
0.5716039787650116
0.5716039787650116
0.5716039787650116
0.5716039787650116
0.5716039787650116
0.5716039787650116
0.5716039787650116
0.5716039787650116
0.5716039787650116
0.5716039787650116
0.5716039787650116
0.5716039787650116
0.5716039787650116
0.5716039787650116
0.5716039787650116
0.5716039787650116
0.5716039787650116
0.5716039787650116
0.5716039787650116
0.5716039787650116
0.5716039787650116
0.5716039787650116
0.5716039787650116
0.5716039787650116
0.5716039787650116
0.5716039787650116
0.5716039787650116
0.5716039787650116
0.5716039787650116
0.5716039787650116
0.5716039787650116
0.5716039787650116
0.5716039787650116
0.5716039787650116
0.5716039787650116
0.5716039787650116
0.5716039787650116
0.5716039787650116
0.5716039787650116
0.5716039787650116
0.5716039787650116
0.5716039787650116
0.5716039787650116
0.5716039787650116
0.5716039787650116
0.5716039787650116
0.5716039787650116
0.5716039787650116
0.5716039787650116
0.5716039787650116
0.5716039787650116
0.5716039787650116
0.5716039787650116
0.5716039787650116
0.5716039787650116
0.5716039787650116
0.5716039787650116
0.5716039787650116
0.5716039787650116
0.5716039787650116
0.5716039787650116
0.5716039787650116
0.5716039787650116
0.5716039787650116
0.5716039787650116
0.5716039787650116
0.5716039787650116
0.5716039787650116
0.5716039787650116
0.5716039787650116
0.5716039787650116
0.5716039787650116
0.5716039787650116
0.5716039787650116
0.5716039787650116
0.5716039787650116
0.5716039787650116
0.5716039787650116
0.5716039787650116
0.5716039787650116
0.5716039787650116
0.5716039787650116
0.5716039787650116
0.5716039787650116
0.5716039787650116
0.5716039787650116
0.5716039787650116
0.5716039787650116
0.5716039787650116
0.5716039787650116
0.5716039787650116
0.5716039787650116
0.5716039787650116
0.5716039787650116
0.5716039787650116
0.5716039787650116
0.5716039787650116
0.5716039787650116
0.5716039787650116
0.5716039787650116
0.5716039787650116
0.5716039787650116
0.5716039787650116
0.5716039787650116
0.5716039787650116
0.5716039787650116
0.5716039787650116
0.5716039787650116
0.5716039787650116
0.5716039787650116
0.5716039787650116
0.5716039787650116
0.5716039787650116
0.5716039787650116
0.5716039787650116
0.5716039787650116
0.5716039787650116
0.5716039787650116
0.5716039787650116
0.5716039787650116
0.5716039787650116
0.5716039787650116
0.5716039787650116
0.5716039787650116
0.5716039787650116
0.5716039787650116
0.5716039787650116
0.5716039787650116
0.5716039787650116
0.5716039787650116
0.5716039787650116
0.5716039787650116
0.5716039787650116
0.5716039787650116
0.5716039787650116
0.5716039787650116
0.5716039787650116
0.5716039787650116
0.5716039787650116
0.5716039787650116
0.5716039787650116
0.5716039787650116
0.5716039787650116
0.5716039787650116
0.5716039787650116
0.5716039787650116
0.5716039787650116
0.5716039787650116
0.5716039787650116
0.5716039787650116
0.5716039787650116
0.5716039787650116
0.5716039787650116
0.5716039787650116
0.5716039787650116
0.5716039787650116
0.5716039787650116
0.5716039787650116
0.5716039787650116
0.5716039787650116
0.5716039787650116
0.5716039787650116
0.5716039787650116
0.5716039787650116
0.5716039787650116
0.5716039787650116
0.5716039787650116
0.5716039787650116
0.5716039787650116
0.5716039787650116
0.5716039787650116
0.5716039787650116
0.5716039787650116
0.5716039787650116
0.5716039787650116
0.5716039787650116
0.5716039787650116
0.5716039787650116
0.5716039787650116
0.5716039787650116
0.5716039787650116
0.5716039787650116
0.5716039787650116
0.5716039787650116
0.5716039787650116
0.5716039787650116
0.5716039787650116
0.5716039787650116
0.5716039787650116
0.5716039787650116
0.5716039787650116
0.5716039787650116
0.5716039787650116
0.5716039787650116
0.5716039787650116
0.5716039787650116
0.5716039787650116
0.5716039787650116
0.5716039787650116
0.5716039787650116
0.5716039787650116
0.5716039787650116
0.5716039787650116
0.5716039787650116
0.5716039787650116
0.5716039787650116
0.5716039787650116
0.5716039787650116
0.5716039787650116
0.5716039787650116
0.5716039787650116
0.5716039787650116
0.5716039787650116
0.5716039787650116
0.5716039787650116
0.5716039787650116
0.5716039787650116
0.5716039787650116
0.5716039787650116
0.5716039787650116
0.5716039787650116
0.5716039787650116
0.5716039787650116
0.5716039787650116
0.5716039787650116
0.5716039787650116
0.5716039787650116
0.5716039787650116
0.5716039787650116
0.5716039787650116
0.5716039787650116
0.5716039787650116
0.5716039787650116
0.5716039787650116
0.5716039787650116
0.5716039787650116
0.5716039787650116
0.5716039787650116
0.5716039787650116
0.5716039787650116
0.5716039787650116
0.5716039787650116
0.5716039787650116
0.5716039787650116
0.5716039787650116
0.5716039787650116
0.5716039787650116
0.5716039787650116
0.5716039787650116
0.5716039787650116
0.5716039787650116
0.5716039787650116
0.5716039787650116
0.5716039787650116
0.5716039787650116
0.5716039787650116
0.5716039787650116
0.5716039787650116
0.5716039787650116
0.5716039787650116
0.5716039787650116
0.5716039787650116
0.5716039787650116
0.5716039787650116
0.5716039787650116
0.5716039787650116
0.5716039787650116
0.5716039787650116
0.5716039787650116
0.5716039787650116
0.5716039787650116
0.5716039787650116
0.5716039787650116
0.5716039787650116
0.5716039787650116
0.5716039787650116
0.5716039787650116
0.5716039787650116
0.5716039787650116
0.5716039787650116
0.5716039787650116
0.5716039787650116
0.5716039787650116
0.5716039787650116
0.5716039787650116
0.5716039787650116
0.5716039787650116
0.5716039787650116
0.5716039787650116
0.5716039787650116
0.5716039787650116
0.5716039787650116
0.5716039787650116
0.5716039787650116
0.5716039787650116
0.5716039787650116
0.5716039787650116
0.5716039787650116
0.5716039787650116
0.5716039787650116
0.5716039787650116
0.5716039787650116
0.5716039787650116
0.5716039787650116
0.5716039787650116
0.5716039787650116
0.5716039787650116
0.5716039787650116
0.5716039787650116
0.5716039787650116
0.5716039787650116
0.5716039787650116
0.5716039787650116
0.5716039787650116
0.5716039787650116
0.5716039787650116
0.5716039787650116
0.5716039787650116
0.5716039787650116
0.5716039787650116
0.5716039787650116
0.5716039787650116
0.5716039787650116
0.5716039787650116
0.5716039787650116
0.5716039787650116
0.5716039787650116
0.5716039787650116
0.5716039787650116
0.5716039787650116
0.5716039787650116
0.5716039787650116
0.5716039787650116
0.5716039787650116
0.5716039787650116
0.5716039787650116
0.5716039787650116
0.5716039787650116
0.5716039787650116
0.5716039787650116
0.5716039787650116
0.5716039787650116
0.5716039787650116
0.5716039787650116
0.5716039787650116
0.5716039787650116
0.5716039787650116
0.5716039787650116
0.5716039787650116
0.5716039787650116
0.5716039787650116
0.5716039787650116
0.5716039787650116
0.5716039787650116
0.5716039787650116
0.5716039787650116
0.5716039787650116
0.5716039787650116
0.5716039787650116
0.5716039787650116
0.5716039787650116
0.5716039787650116
0.5716039787650116
0.5716039787650116
0.5716039787650116
0.5716039787650116
0.5716039787650116
0.5716039787650116
0.5716039787650116
0.5716039787650116
0.5716039787650116
0.5716039787650116
0.5716039787650116
0.5716039787650116
0.5716039787650116
0.5716039787650116
0.5716039787650116
0.5716039787650116
0.5716039787650116
0.5716039787650116
0.5716039787650116
0.5716039787650116
0.5716039787650116
0.5716039787650116
0.5716039787650116
0.5716039787650116
0.5716039787650116
0.5716039787650116
0.5716039787650116
0.5716039787650116
0.5716039787650116
0.5716039787650116
0.5716039787650116
0.5716039787650116
0.5716039787650116
0.5716039787650116
0.5716039787650116
0.5716039787650116
0.5716039787650116
0.5716039787650116
0.5716039787650116
0.5716039787650116
0.5716039787650116
0.5716039787650116
0.5716039787650116
0.5716039787650116
0.5716039787650116
0.5716039787650116
0.5716039787650116
0.5716039787650116
0.5716039787650116
0.5716039787650116
0.5716039787650116
0.5716039787650116
0.5716039787650116
0.5716039787650116
0.5716039787650116
0.5716039787650116
0.5716039787650116
0.5716039787650116
0.5716039787650116
0.5716039787650116
0.5716039787650116
0.5716039787650116
0.5716039787650116
0.5716039787650116
0.5716039787650116
0.5716039787650116
0.5716039787650116
0.5716039787650116
0.5716039787650116
0.5716039787650116
0.5716039787650116
0.5716039787650116
0.5716039787650116
0.5716039787650116
0.5716039787650116
0.5716039787650116
0.5716039787650116
0.5716039787650116
0.5716039787650116
0.5716039787650116
0.5716039787650116
0.5716039787650116
0.5716039787650116
0.5716039787650116
0.5716039787650116
0.5716039787650116
0.5716039787650116
0.5716039787650116
0.5716039787650116
0.5716039787650116
0.5716039787650116
0.5716039787650116
0.5716039787650116
0.5716039787650116
0.5716039787650116
0.5716039787650116
0.5716039787650116
0.5716039787650116
0.5716039787650116
0.5716039787650116
0.5716039787650116
0.5716039787650116
0.5716039787650116
0.5716039787650116
0.5716039787650116
0.5716039787650116
0.5716039787650116
0.5716039787650116
0.5716039787650116
0.5716039787650116
0.5716039787650116
0.5716039787650116
0.5716039787650116
0.5716039787650116
0.5716039787650116
0.5716039787650116
0.5716039787650116
0.5716039787650116
0.5716039787650116
0.5716039787650116
0.5716039787650116
0.5716039787650116
0.5716039787650116
0.5716039787650116
0.5716039787650116
0.5716039787650116
0.5716039787650116
0.5716039787650116
0.5716039787650116
0.5716039787650116
0.5716039787650116
0.5716039787650116
0.5716039787650116
0.5716039787650116
0.5716039787650116
0.5716039787650116
0.5716039787650116
0.5716039787650116
0.5716039787650116
0.5716039787650116
0.5716039787650116
0.5716039787650116
0.5716039787650116
0.5716039787650116
0.5716039787650116
0.5716039787650116
0.5716039787650116
0.5716039787650116
0.5716039787650116
0.5716039787650116
0.5716039787650116
0.5716039787650116
0.5716039787650116
0.5716039787650116
0.5716039787650116
0.5716039787650116
0.5716039787650116
0.5716039787650116
0.5716039787650116
0.5716039787650116
0.5716039787650116
0.5716039787650116
0.5716039787650116
0.5716039787650116
0.5716039787650116
0.5716039787650116
0.5716039787650116
0.5716039787650116
0.5716039787650116
0.5716039787650116
0.5716039787650116
0.5716039787650116
0.5716039787650116
0.5716039787650116
0.5716039787650116
0.5716039787650116
0.5716039787650116
0.5716039787650116
0.5716039787650116
0.5716039787650116
0.5716039787650116
0.5716039787650116
0.5716039787650116
0.5716039787650116
0.5716039787650116
0.5716039787650116
0.5716039787650116
0.5716039787650116
0.5716039787650116
0.5716039787650116
0.5716039787650116
0.5716039787650116
0.5716039787650116
0.5716039787650116
0.5716039787650116
0.5716039787650116
0.5716039787650116
0.5716039787650116
0.5716039787650116
0.5716039787650116
0.5716039787650116
0.5716039787650116
0.5716039787650116
0.5716039787650116
0.5716039787650116
0.5716039787650116
0.5716039787650116
0.5716039787650116
0.5716039787650116
0.5716039787650116
0.5716039787650116
0.5716039787650116
0.5716039787650116
0.5716039787650116
0.5716039787650116
0.5716039787650116
0.5716039787650116
0.5716039787650116
0.5716039787650116
0.5716039787650116
0.5716039787650116
0.5716039787650116
0.5716039787650116
0.5716039787650116
0.5716039787650116
0.5716039787650116
0.5716039787650116
0.5716039787650116
0.5716039787650116
0.5716039787650116
0.5716039787650116
0.5716039787650116
0.5716039787650116
0.5716039787650116
0.5716039787650116
0.5716039787650116
0.5716039787650116
0.5716039787650116
0.5716039787650116
0.5716039787650116
0.5716039787650116
0.5716039787650116
0.5716039787650116
0.5716039787650116
0.5716039787650116
0.5716039787650116
0.5716039787650116
0.5716039787650116
0.5716039787650116
0.5716039787650116
0.5716039787650116
0.5716039787650116
0.5716039787650116
0.5716039787650116
0.5716039787650116
0.5716039787650116
0.5716039787650116
0.5716039787650116
0.5716039787650116
0.5716039787650116
0.5716039787650116
0.5716039787650116
0.5716039787650116
0.5716039787650116
0.5716039787650116
0.5716039787650116
0.5716039787650116
0.5716039787650116
0.5716039787650116
0.5716039787650116
0.5716039787650116
0.5716039787650116
0.5716039787650116
0.5716039787650116
0.5716039787650116
0.5716039787650116
0.5716039787650116
0.5716039787650116
0.5716039787650116
0.5716039787650116
0.5716039787650116
0.5716039787650116
0.5716039787650116
0.5716039787650116
0.5716039787650116
0.5716039787650116
0.5716039787650116
0.5716039787650116
0.5716039787650116
0.5716039787650116
0.5716039787650116
0.5716039787650116
0.5716039787650116
0.5716039787650116
0.5716039787650116
0.5716039787650116
0.5716039787650116
0.5716039787650116
0.5716039787650116
0.5716039787650116
0.5716039787650116
0.5716039787650116
0.5716039787650116
0.5716039787650116
0.5716039787650116
0.5716039787650116
0.5716039787650116
0.5716039787650116
0.5716039787650116
0.5716039787650116
0.5716039787650116
0.5716039787650116
0.5716039787650116
0.5716039787650116
0.5716039787650116
0.5716039787650116
0.5716039787650116
0.5716039787650116
0.5716039787650116
0.5716039787650116
0.5716039787650116
0.5716039787650116
0.5716039787650116
0.5716039787650116
0.5716039787650116
0.5716039787650116
0.5716039787650116
0.5716039787650116
0.5716039787650116
0.5716039787650116
0.5716039787650116
0.5716039787650116
0.5716039787650116
0.5716039787650116
0.5716039787650116
0.5716039787650116
0.5716039787650116
0.5716039787650116
0.5716039787650116
0.5716039787650116
0.5716039787650116
0.5716039787650116
0.5716039787650116
0.5716039787650116
0.5716039787650116
0.5716039787650116
0.5716039787650116
0.5716039787650116
0.5716039787650116
0.5716039787650116
0.5716039787650116
0.5716039787650116
0.5716039787650116
0.5716039787650116
0.5716039787650116
0.5716039787650116
0.5716039787650116
0.5716039787650116
0.5716039787650116
0.5716039787650116
0.5716039787650116
0.5716039787650116
0.5716039787650116
0.5716039787650116
0.5716039787650116
0.5716039787650116
0.5716039787650116
0.5716039787650116
0.5716039787650116
0.5716039787650116
0.5716039787650116
0.5716039787650116
0.5716039787650116
0.5716039787650116
0.5716039787650116
0.5716039787650116
0.5716039787650116
0.5716039787650116
0.5716039787650116
0.5716039787650116
0.5716039787650116
0.5716039787650116
0.5716039787650116
0.5716039787650116
0.5716039787650116
0.5716039787650116
0.5716039787650116
0.5716039787650116
0.5716039787650116
0.5716039787650116
0.5716039787650116
0.5716039787650116
0.5716039787650116
0.5716039787650116
0.5716039787650116
0.5716039787650116
0.5716039787650116
0.5716039787650116
0.5716039787650116
0.5716039787650116
0.5716039787650116
0.5716039787650116
0.5716039787650116
0.5716039787650116
0.5716039787650116
0.5716039787650116
0.5716039787650116
0.5716039787650116
0.5716039787650116
0.5716039787650116
0.5716039787650116
0.5716039787650116
0.5716039787650116
0.5716039787650116
0.5716039787650116
0.5716039787650116
0.5716039787650116
0.5716039787650116
0.5716039787650116
0.5716039787650116
0.5716039787650116
0.5716039787650116
