0.6586211953990162
0.64901691114828
0.6433534045822918
0.6432773512154817
0.6432773512154817
0.6375390225388109
0.636764463071525
0.6356167979881167
0.6315156850144267
0.6285622431777418
0.6280644607432186
0.6270986243829131
0.6264938413895667
0.6234213518671692
0.6234213518671692
0.6211354703359306
0.6207529156185687
0.6207529156185687
0.618840135512501
0.618840135512501
0.6165568492129445
0.6115836253143847
0.6110097937040031
0.608905737170577
0.6064595226787031
0.6064595226787031
0.6057510687343777
0.6039419642359019
0.6039419642359019
0.6020952910497785
0.6020952910497785
0.6020952910497785
0.5993607492782176
0.5993607492782176
0.5993607492782176
0.5993607492782176
0.5966734111018479
0.5958227973364294
0.5935092912361026
0.5926284590668975
0.5926284590668975
0.5926284590668975
0.5901014510571956
0.5896218426935373
0.5873574606500566
0.5858015292912722
0.5858015292912722
0.5858015292912722
0.5858015292912722
0.5858015292912722
0.5858015292912722
0.5858015292912722
0.5854593717984855
0.5844087594300509
0.5844087594300509
0.5844087594300509
0.5842174816057086
0.581147588711977
0.5792038623452187
0.5792038623452187
0.5775671374686062
0.5775671374686062
0.5775671374686062
0.5775671374686062
0.5772601350471378
0.5771845827512443
0.5771845827512443
0.5771845827512443
0.5771845827512443
0.5771845827512443
0.5750805290117861
0.5743154149204492
0.5743154149204492
0.5713735256589949
0.5713735256589949
0.5707687440626323
0.5707687440626323
0.5695450270093978
0.5681300344601274
0.5671474396944046
0.5671474396944046
0.566870661264658
0.5661997732140125
0.5661997722826899
0.5659284250721336
0.5638338176399471
0.5638338176399471
0.562686149762571
0.562686149762571
0.562686149762571
0.5622684376455844
0.5622684376455844
0.5605374895222486
0.5605374895222486
0.5604965940207244
0.5604965940207244
0.5604965940207244
0.5600479342460634
0.5600479342460634
0.5596653790630401
0.5596653790630401
0.5595050484307111
0.5591224927820266
0.5577526022166015
0.5577526022166015
0.5577526022166015
0.5571478187575938
0.5563423116326334
0.5563423116326334
0.5563423116326334
0.5563423116326334
0.5559692050851883
0.5559692050851883
0.5559692050851883
0.5559692050851883
0.5557779305204751
0.5555866499021651
0.552387377293408
0.552387377293408
0.5496346614509822
0.5496346614509822
0.5482411669924856
0.5482411669924856
0.5464138874918223
0.5464138874918223
0.5462226078048349
0.5451604447238148
0.5451604447238148
0.5436968259289862
0.5436968259289862
0.5424636579118669
0.5404748272329569
0.5398700461022556
0.5398700461022556
0.5398700461022556
0.5398390979789198
0.5398390979789198
0.5398390979789198
0.5398390979789198
0.5382555471733212
0.5382555471733212
0.5368013784110546
0.5367914324298501
0.5367914324298501
0.5356537156559527
0.5355776632204652
0.5338953362204134
0.5310261693209409
0.53064361134395
0.5295053930334747
0.5295053930334747
0.5285490053087473
0.5285490053087473
0.5285490053087473
0.5285490053087473
0.5285490053087473
0.5285490053087473
0.5285490053087473
0.5285490053087473
0.5285490053087473
0.5284028303995728
0.5281355001397431
0.5281355001397431
0.5281355001397431
0.5279347736798227
0.5279347736798227
0.5278405522957443
0.5278405522957443
0.5277744453758001
0.5277744453758001
0.5277744453758001
0.5277744453758001
0.5274013397596776
0.5272100619353354
0.5268275072179734
0.5268275072179734
0.5263386788673698
0.52607184362486
0.52607184362486
0.52607184362486
0.52607184362486
0.5251248970851302
0.524924172487855
0.524924172487855
0.5239273889355361
0.5239273889355361
0.5239273889355361
0.5225789992548525
0.5218894435130059
0.5214192819222808
0.519594112880528
0.5190512298591435
0.5190512298591435
0.5190512298591435
0.5190512298591435
0.5190512298591435
0.5190512298591435
0.518744227437675
0.5180646148830652
0.5167917756356298
0.5167917756356298
0.5167917756356298
0.5140923884697258
0.5140923884697258
0.5140923884697258
0.514092387072742
0.5136437282294035
0.5121935722269118
0.5118776189811528
0.5118776189811528
0.5118776189811528
0.5106638455808162
0.5104059667505324
0.5104059667505324
0.510214690323174
0.510214690323174
0.510214690323174
0.5092934539444745
0.5080796819411219
0.5080796819411219
0.5080796819411219
0.5077731796592474
0.5077731796592474
0.5077731796592474
0.5077731796592474
0.5077731796592474
0.5071683985285461
0.5071683985285461
0.5071683985285461
0.5071683985285461
0.5062571169786154
0.5059588381297886
0.5059588381297886
0.5059588381297886
0.5056523377105593
0.5051855052620173
0.5050702808044851
0.5050702808044851
0.504879004842788
0.504879004842788
0.504879004842788
0.504879004842788
0.504879004842788
0.504879004842788
0.504879004842788
0.504879004842788
0.5042810673370958
0.5040897862531245
0.5040137347489596
0.5034399012759329
0.502709950172156
0.502709950172156
0.5026228406444192
0.5026228406444192
0.501812624103576
0.500825285461545
0.5002635005123913
0.49959211837574846
0.49959211837574846
0.49784912359118466
0.49699973502829675
0.49699973502829675
0.4969902849957348
0.4968084572039545
0.4968084572039545
0.4963949534319341
0.4963949534319341
0.4962036751419306
0.49562984399721033
0.4946640062399209
0.4944727298125625
0.49396549920812255
0.49376477414518605
0.49376477414518605
0.49376477414518605
0.49376477414518605
0.49376477414518605
0.49376477414518605
0.49345826953500516
0.49345826953500516
0.4933911707177759
0.4932584651201964
0.4932584651201964
0.4932584651201964
0.49306718310490255
0.49306718310490255
0.4928759010896087
0.4924933426469565
0.4924933426469565
0.492110783738643
0.4913766210302711
0.4913766210302711
0.4913766210302711
0.49064245832189923
0.490527230604738
0.48998434478938585
0.4899392446681858
0.4899392446681858
0.48989884511530407
0.48955668622553355
0.48955668622553355
0.48955668622553355
0.48955668622553355
0.48955668622553355
0.48955668622553355
0.48955668622553355
0.48955668622553355
0.48936541119515903
0.48936541119515903
0.48936541119515903
0.488847241780907
0.48813890751600264
0.48775635000467304
0.4874294556207955
0.4874294556207955
0.48732034972533583
0.48732034972533583
0.48724429868683217
0.48724429868683217
0.48724319036975505
0.4872216922789812
0.4872111357919872
0.4872111357919872
0.48719074601829054
0.48719074601829054
0.48719074601829054
0.48719074601829054
0.48717980441451075
0.48717980441451075
0.48717980441451075
0.48717980441451075
0.48717980441451075
0.48658596209362154
0.48658596209362154
0.4859921197727323
0.4859921197727323
0.4859921197727323
0.4859921197727323
0.4859921197727323
0.4859921197727323
0.4853982774518431
0.48449793424606336
0.48442310654744514
0.48442310654744514
0.48442310654744514
0.48442310654744514
0.4841260538324714
0.48377444677278403
0.48355222175642854
0.4826470559746028
0.48138416736498485
0.48123439694494013
0.4811086155347527
0.48072606035172943
0.4788442293003202
0.47827039722427733
0.47797211418449886
0.47797211418449886
0.4778960598863662
0.4778960598863662
0.4778960598863662
0.4778960598863662
0.4776037137933076
0.4776037137933076
0.4774575412124396
0.4770844341993332
0.4770844341993332
0.4767113271862269
0.4767113271862269
0.4767113271862269
0.4767113271862269
0.4767113271862269
0.4767113271862269
0.4767113271862269
0.4763382201731205
0.4763382201731205
0.4761778904721141
0.4761778904721141
0.47596511316001416
0.47596511316001416
0.47596511316001416
0.47596511316001416
0.4754127796404064
0.4749756729066372
0.47442333938702946
0.4738710058674217
0.47356450172290215
0.4726081130668522
0.47146044705212126
0.47146044705212126
0.46993022445738325
0.46993022445738325
0.46993022445738325
0.46993022445738325
0.46993022445738325
0.46993022445738325
0.46993022445738325
0.46993022445738325
0.4698541720218957
0.4698541720218957
0.4698541720218957
0.4698541720218957
0.46970206715092067
0.46970206715092067
0.46962601471543314
0.46962601471543314
0.46962601471543314
0.46962601471543314
0.46962601471543314
0.46962601471543314
0.46962601471543314
0.46962601471543314
0.46962601471543314
0.46962601471543314
0.46962601471543314
0.46962601471543314
0.46962601471543314
0.46962601471543314
0.46962601471543314
0.46962601471543314
0.46962601471543314
0.46962601471543314
0.46962601471543314
0.46962601471543314
0.46962601471543314
0.46962601471543314
0.46962601471543314
0.46962601471543314
0.46962601471543314
0.46962601471543314
0.46962601471543314
0.46962601471543314
0.46962601471543314
0.46962601471543314
0.46962601471543314
0.46962601471543314
0.46962601471543314
0.46962601378411056
0.46962601378411056
0.46962601378411056
0.46962601378411056
0.46962601378411056
0.46962601378411056
0.46962601378411056
0.469626012852788
0.4693955602124334
0.4690581088759006
0.4687598300270737
0.46788772329315553
0.467696445003152
0.467696445003152
0.467696445003152
0.467696445003152
0.467696445003152
0.467696445003152
0.467696445003152
0.467420888516307
0.467420888516307
0.467420888516307
0.46714533202946196
0.4669540537394584
0.46679372543543585
0.46679372543543585
0.46671767532825476
0.46671767532825476
0.46671767532825476
0.46671767532825476
0.46671767532825476
0.46671767532825476
0.46671767532825476
0.4665655746482313
0.4665655746482313
0.4665655746482313
0.46656557418257
0.46656557418257
0.4665655737169087
0.4665655732512474
0.4665655732512474
0.4665655732512474
0.4665655732512474
0.4665655732512474
0.4665655732512474
0.4665655732512474
0.4665655732512474
0.4665655732512474
0.4665655732512474
0.4664503487937153
0.4664503487937153
0.4664503487937153
0.4663351243361831
0.4663351243361831
0.466219899878651
0.46610467542111883
0.46610467542111883
0.46610467542111883
0.46610467542111883
0.46610467542111883
0.46610467542111883
0.46610467542111883
0.46610467542111883
0.46610467542111883
0.46610467542111883
0.46610467542111883
0.4654238390609623
0.4654238390609623
0.4649342800594867
0.46436044332683096
0.46406216168403636
0.46406216168403636
0.46406216168403636
0.46397788395285616
0.46397788395285616
0.46397788395285616
0.46397788395285616
0.46389360622167597
0.4638093284904958
0.4638093284904958
0.4638093284904958
0.4638093284904958
0.4638093284904958
0.4638093284904958
0.4638093284904958
0.4638093284904958
0.4638093284904958
0.4638093284904958
0.4638093284904958
0.4638093284904958
0.4638093284904958
0.4638093284904958
0.4638093284904958
0.4638093284904958
0.4638093284904958
0.4638093284904958
0.4638093284904958
0.4638093284904958
0.4638093284904958
0.4638093284904958
0.4638093284904958
0.4638093284904958
0.4638093284904958
0.4638093284904958
0.4638093284904958
0.4638093284904958
0.4638093284904958
0.4638093284904958
0.4638093284904958
0.4638093284904958
0.4638093284904958
0.4638093284904958
0.4638093284904958
0.4638093284904958
0.4638093284904958
0.4638093284904958
0.4638093284904958
0.4638093284904958
0.4638093284904958
0.4638093284904958
0.4638093284904958
0.4638093284904958
0.46373327884897597
0.46373327884897597
0.4635320597000421
0.4635320597000421
0.46345601005852227
0.46335777032673364
0.4633086504608393
0.4633086504608393
0.4633086504608393
0.4633086504608393
0.4633086504608393
0.4633086504608393
0.4633086504608393
0.4633086504608393
0.4633086504608393
0.4633086504608393
0.4633086504608393
0.4633086504608393
0.4633086504608393
0.4633086504608393
0.4633086504608393
0.4633086504608393
0.4633086504608393
0.4633086504608393
0.4633086504608393
0.4633086504608393
0.4633086504608393
0.4633086504608393
0.4633086504608393
0.4633086504608393
0.4633086504608393
0.4633086504608393
0.4633086504608393
0.4633086504608393
0.4633086504608393
0.4633086504608393
0.4633086504608393
0.4633086504608393
0.4633086504608393
0.4633086504608393
0.4633086504608393
0.4633086504608393
0.4633086504608393
0.4633086504608393
0.4633086504608393
0.4633086504608393
0.4633086504608393
0.4633086504608393
0.4633086504608393
0.4633086504608393
0.4633086504608393
0.4633086504608393
0.4633086504608393
0.4633086504608393
0.4633086504608393
0.4633086504608393
0.4633086504608393
0.4633086504608393
0.4633086504608393
0.4633086504608393
0.4633086504608393
0.4633086504608393
0.4633086504608393
0.4633086504608393
0.4633086504608393
0.4633086504608393
0.4633086504608393
0.4633086504608393
0.4633086504608393
0.4633086504608393
0.4633086504608393
0.4633086504608393
0.4633086504608393
0.4633086504608393
0.4633086504608393
0.4633086504608393
0.4633086504608393
0.4633086504608393
0.4633086504608393
0.4633086504608393
0.4633086504608393
0.4633086504608393
0.4633086504608393
0.4633086504608393
0.4633086504608393
0.4633086504608393
0.4633086504608393
0.4633086504608393
0.4633086504608393
0.4633086504608393
0.4633086504608393
0.4633086504608393
0.4633086504608393
0.4633086504608393
0.4633086504608393
0.4633086504608393
0.4633086504608393
0.4633086504608393
0.4633086504608393
0.4633086504608393
0.4633086504608393
0.4633086504608393
0.4633086504608393
0.4633086504608393
0.4633086504608393
0.4633086504608393
0.4633086504608393
0.4633086504608393
0.4632115954175592
0.46311454037427907
0.46292043028771884
0.46292043028771884
0.46292043028771884
0.46292043028771884
0.46292043028771884
0.46292043028771884
0.46292043028771884
0.46292043028771884
0.46292043028771884
0.46292043028771884
0.46292043028771884
0.461964040234685
0.461964040234685
0.461964040234685
0.461964040234685
0.4618037105336786
0.46145210161134603
0.46022838316112763
0.45962360203042635
0.4590948700755835
0.4590948700755835
0.4590948700755835
0.4590948700755835
0.4590948700755835
0.4590948700755835
0.4590948700755835
0.4590948700755835
0.4590948700755835
0.4590948700755835
0.4590948700755835
0.4590948700755835
0.4590948700755835
0.4590948700755835
0.4590948700755835
0.4590948700755835
0.4590948700755835
0.4590948700755835
0.4590948700755835
0.4590948700755835
0.4590948700755835
0.4590948700755835
0.4590948700755835
0.4590948700755835
0.4590948700755835
0.4590948700755835
0.4590948700755835
0.4590948700755835
0.4590948700755835
0.4590948700755835
0.4590948700755835
0.45896969823986294
0.4588445264041424
0.4588445264041424
0.4588445264041424
0.4588445264041424
0.4588445264041424
0.4588445264041424
0.45871935456842183
0.45871935456842183
0.45871935456842183
0.45871935456842183
0.4585941827327013
0.4585941827327013
0.4585941827327013
0.4585941827327013
0.45852387072741985
0.45848871472477915
0.4584535587221384
0.4584535587221384
0.4584535587221384
0.4584535587221384
0.4584535587221384
0.4584535587221384
0.4584535587221384
0.4584535587221384
0.4584535587221384
0.4584535587221384
0.4584535587221384
0.4584535587221384
0.4584535587221384
0.4584535587221384
0.4584535587221384
0.4584535587221384
0.4584535587221384
0.4584535587221384
0.4584535587221384
0.4584535587221384
0.4584535587221384
0.4584535587221384
0.4584535587221384
0.4584535587221384
0.4584535587221384
0.4584535587221384
0.4584535587221384
0.4584535587221384
0.4584535587221384
0.4584535587221384
0.4584535587221384
0.4584535587221384
0.4584535587221384
0.4584535587221384
0.4584535587221384
0.4584535587221384
0.4584535587221384
0.4584535587221384
0.4584535587221384
0.4584535587221384
0.4584535587221384
0.4584535587221384
0.4584535587221384
0.4584535587221384
0.4584535587221384
0.4584535587221384
0.4584535587221384
0.4584535587221384
0.4584535587221384
0.4584535587221384
0.4584535587221384
0.4584535587221384
0.4584535587221384
0.4584535587221384
0.4584535587221384
0.4584535587221384
0.4584535573251545
0.45845355592817066
0.4584535545311868
0.4584535545311868
0.45845355313420294
0.45845355313420294
0.45845355313420294
0.45845355313420294
