0.7130868007515372
0.7146680041315656
0.7063383537394305
0.6956927986081445
0.6910050164715944
0.6918355791344493
0.6871022315916916
0.6749564166563751
0.6744925350558759
0.6632685014283658
0.6619155731976032
0.6425519319378341
0.6312000727619729
0.6174580867183208
0.6277062386940421
0.6177479354208459
0.6030023619283241
0.5876043123670914
0.5856104516653468
0.578793753405909
0.5840190676687161
0.5751200810345511
0.5506955642420552
0.5355516294670604
0.5188653384211909
0.5041875239002458
0.5118194961846124
0.5033500989301254
0.5008447616420438
0.5110905129106345
0.5103669422552735
0.4991146723038706
0.4881704162467274
0.4791754487046848
0.47442917798325435
0.46900952779290583
0.44734431518400714
0.4477054486581186
0.45754489608392135
0.4737517088717967
0.4646076263457786
0.45910041105493915
0.45244664915914345
0.4440107269435129
0.43599620688396207
0.4377551421286662
0.4444010440893719
0.43807616704965635
0.43444406917030615
0.4292227902889997
0.424401294177274
0.42808744015743333
0.42550057736898456
0.41827829156282054
0.41858867657378307
0.4081942795791228
0.40066435598067934
0.39925444846173147
0.3907166807674369
0.3998134411879629
0.39423685845037293
0.3935288222448528
0.39938050913135204
0.39738193119277565
0.39239231917587425
0.38911291764539974
0.3883835691342007
0.38800001851645616
0.38985349322934953
0.3911872163463384
0.381525310685312
0.36799607664046197
0.36503389960472793
0.35811098132292435
0.36908996361901364
0.3667336871395757
0.3727514453816165
0.38136924539821826
0.37295315879327556
0.3630629449000954
0.36125033392384664
0.36375192332377043
0.3630142344288528
0.36046136017973224
0.3570774782222259
0.35572370279997584
0.3571447253386676
0.36026086488527553
0.3609518931124606
0.3543637470965337
0.35455394847219185
0.3504005217575282
0.35391303879365327
0.34679738176010544
0.3451379107968012
0.3370629566415151
0.33594328331723805
0.34826196789972486
0.34394959284851967
0.33862170355583227
0.3371315204637993
0.33968450295560054
0.34353178054722644
0.33124451593878346
0.3218893648856134
0.31675320814192276
0.314574880570645
0.3145016989694039
0.30967926662293566
0.30623047508609774
0.3128446531665324
0.3176752101253717
0.3127048759221286
0.31242723245687787
0.3139601589026054
0.3068414846105626
0.31453424144414555
0.3099726717403531
0.3120618954171489
0.3108857463561991
0.3050621772685646
0.29807180079405515
0.29598650764731066
0.30081065439884863
0.29294065453854695
0.2996217890681575
0.2953684629674255
0.29307886980846526
0.29523023628205064
0.2958819704993318
0.2932657900008311
0.2979124482086549
0.2893534792217116
0.28313352821335214
0.2759786652433625
0.2731213212612271
0.2782104318760832
0.27622864347537374
0.2829313554536055
0.28649837927117944
0.2928527705307803
0.28103380030207337
0.28497256010644134
0.2837321546468636
0.27606316768673556
0.2776726401941479
0.27525137678697714
0.2658200442965578
0.2755502483494333
0.26529897708877925
0.2619135108843321
0.2610345271524538
0.2723865315107753
0.26824466111314804
0.2618242292525868
0.26297240434671443
0.2633402086393039
0.252042327572629
0.24417085429991292
0.2368873196995755
0.24028636197624106
0.2441260317695886
0.23947586188580844
0.23506133856696393
0.23426928020371754
0.2337622432089349
0.23547462086750817
0.24333609829979644
0.23749869081391642
0.24217402003120625
0.24843856146293383
0.2516304168284685
0.25515925825722513
0.24786479943520065
0.2539057116438324
0.2578443981584783
0.2560802322078497
0.25203061332277954
0.2584175627256185
0.2521351385896404
0.24432314044756195
0.2557395083839322
0.2544684905248011
0.2521881291211894
0.23785753121045725
0.2372222737772514
0.24035045896003654
0.23861169971446194
0.24308809839765236
0.25580342152287566
0.2528286380585159
0.24769180550465977
0.254015152806826
0.23829515786667668
0.23172676380399618
0.2258994247420132
0.22483438567200048
0.22483949525328978
0.22846896689146762
0.23191770066738124
0.2233485837586721
0.22235448223501447
0.21331855661263066
0.20211916427829613
0.1960603318128486
0.20440496988553553
0.20767280979853117
0.1973675351992871
0.1938582621350389
0.20046650963413218
0.19003094117041677
0.1912837296045323
0.1887360754607867
0.1881480880916864
0.196915794758002
0.20204427300587294
0.2145945007049045
0.22457037838338573
0.2361024309106792
0.24110650026724992
0.2570023910841346
0.2514192950107406
0.24608378658159316
0.23364610799264163
0.22804124696257216
0.2219115133084729
0.20928208353022731
0.2127574287726854
0.207604361847341
0.20618334023221083
0.20977164942673096
0.20210537953572968
0.1960940765193229
0.19615445637730256
0.20922592803572615
0.20533402845124404
0.1980199492155637
0.20764237706873562
0.20557985709151871
0.203435801385579
0.19192602397043246
0.18952847335100165
0.1887001052934925
0.18102548844585817
0.18138795991261797
0.18149679817487802
0.17589249780565497
0.17165527733854946
0.17308738750259076
0.1652083345011994
0.16091344940621405
0.160743479757222
0.15759863409296923
0.15611992298920335
0.15969126563812916
0.15900065555912135
0.15990112445259466
0.1672506049958741
0.15626045935196803
0.15797317743002745
0.16207542156640437
0.16244088032870235
0.1666504198242227
0.17514755014212807
0.1829827183768588
0.19049419280563176
0.18268282892034696
0.17212319493755082
0.17164212832737094
0.178005750764124
0.17082076716974995
0.16644937014725064
0.1729715574268624
0.1618216009938841
0.17122879895182322
0.17005982544442008
0.18211340827969835
0.18900264916133758
0.19180062918918203
0.1873213738769292
0.19111522552999347
0.19871822340279816
0.19407614908423268
0.1874907035845145
0.1851761433375316
0.1909120868904143
0.18986816952593
0.1888587499679438
0.19985618399062502
0.189254310388031
0.18492785771155731
0.18393915092646446
0.18119676298132778
0.17226910716541732
0.16962644807452334
0.1597996111981136
0.16360802782816816
0.15331179235073425
0.15330671445534877
0.1547784869395444
0.14599009636122728
0.1541415743833531
0.15342162418602032
0.16257094172144929
0.16332268166990946
0.16435045479270313
0.16415902076833563
0.16932010594541824
0.16976277874127027
0.16838625534785293
0.15356965851725385
0.1611952678940569
0.16212899432854724
0.16444584044766294
0.17032206496332455
0.16477217145977543
0.16483240471536292
0.16740908848209923
0.1590595381683856
0.16221220497728017
0.1565572020825868
0.14976757578641178
0.15056854051373275
0.14709512589749568
0.15375934717242287
0.1536650493911654
0.159758128647767
0.15741027446713915
0.16586426011194164
0.17400084179791303
0.1714207441056706
0.17443246575110274
0.17769601723808176
0.17578839225436246
0.1772339617580548
0.18951103054351476
0.16978418433514733
0.16119722644242138
0.16004124885238077
0.1708274185520907
0.16865299276638776
0.16417300940079607
0.16331202044557783
0.15887523854810112
0.15811929318302004
0.15970756255099552
0.15646266202422474
0.15927500443880135
0.15708146581082916
0.16730778899274149
0.17332257350483904
0.16882514825920264
0.17296811116740723
0.17464051673260209
0.16424508616796388
0.1648990751690728
0.16498141271782416
0.16477985673839227
0.16615675003694988
0.160422114486595
0.17465540343799946
0.17545263178575163
0.16487775932470333
0.16312945528704673
0.1555301192312812
0.15255628523319958
0.1583550752566383
0.1596018152634737
0.1644435065307344
0.16172074109084902
0.1701680399498778
0.17036934849955765
0.1749714415402462
0.17429053030950323
0.18378435110709315
0.1890994508985243
0.1893255914501846
0.18990106595437342
0.19559096319451927
0.18565513951320203
0.1767931678303144
0.1730785358070085
0.17823676809162517
0.17252853445659083
0.17719860240318497
0.1826075063151121
0.17904966075630852
0.18856723250732452
0.17785559839174767
0.18339353342842302
0.18183216054102408
0.1803605211250049
0.18745479580337798
0.18361486357534929
0.1756943588014754
0.17317633611464872
0.17469917907367769
0.1813134312234819
0.1782288355617598
0.17667089169759306
0.17600082079826537
0.17611120832346377
0.18365269468801715
0.1762813647351165
0.18064046796215066
0.17778294940115255
0.18818704995468247
0.20190383166977513
0.18561405170158796
0.18703625893310946
0.1896698197559267
0.19307122505876548
0.19781801259816936
0.17918965928947542
0.18294160893661907
0.17745927518267185
0.16313403572265053
0.17077131964693457
0.17193625530516726
0.1792533317384434
0.18424441123479354
0.1849203912229898
0.18277892687865843
0.18525765606426323
0.1839626576318218
0.18153661404674867
0.1772660346447118
0.1760230282548566
0.18390343408308293
0.17224483511381472
0.1760347852956255
0.16296511039586112
0.16073781592535477
0.15795462026602894
0.14870891709268094
0.15795889293851326
0.1516137865932348
0.14973497999326016
0.1493026664864769
0.14443152338936924
0.14471086333307126
0.14256656139224144
0.1462801082656284
0.14947503483637545
0.14427965042705956
0.15072464683775474
0.14636199503378938
0.1476175844703242
0.14347742217615245
0.1403959587631437
0.14447844826129572
0.14966907410193234
0.14230284451865896
0.14318259542416778
0.14586422338558983
0.1383660088723712
0.14619400006343922
0.13980320673329755
0.14034394282250356
0.14290016167295475
0.15023711864988007
0.15609541050373882
0.14780456246629972
0.15590598520681265
0.16122324132924906
0.16499610188893354
0.16520426378645006
0.16274757994210348
0.15907549106486762
0.16226310757810244
0.16278564670041826
0.169903963538874
0.1732624927302822
0.1676603042011459
0.16001659806038562
0.16390693618649002
0.17575172563038144
0.17148037670700503
0.1650014300507245
0.17131285883673775
0.16851390672867492
0.1630779719489564
0.15512648179347938
0.16144339873043195
0.16294978259495768
0.16086246419113748
0.1649831525110639
0.16072230558345096
0.15394582844203344
0.15395389710179844
0.16636498308602718
0.1576186325058403
0.16638437877666826
0.1678855444450304
0.15662183500195545
0.1512902143779086
0.15180810565353683
0.14969080139705288
0.14678458455249038
0.15025654824219642
0.1569921175945487
0.16231328676279633
0.1620670699686806
0.17213043840631223
0.16928299036047117
0.1739366899360779
0.1641784251933359
0.17876724856741724
0.18439738319943963
0.18893022992610922
0.18843570116324349
0.18174012290967007
0.18060130504945918
0.17364964955782516
0.1887216970097459
0.19525422887229665
0.20022308165054145
0.20058098425237458
0.21225532193002597
0.21113403646770865
0.20256438020857667
0.1896485036205189
0.1925467720920965
0.1845677764286536
0.17772682575553653
0.17609865505381173
0.16810277878395585
0.16999211339229092
0.16093641967507705
0.1693477626810099
0.1595036974025207
0.15721552244421094
0.1710237197176615
0.1800894436694681
0.17657547764706744
0.1724515229857961
0.16475141673769805
0.1698976239088178
0.16665815800924477
0.16499231256381913
0.17903382149962707
0.17060532564722006
0.1625316839489527
0.17055431163722024
0.17454759120233973
0.18144589646623777
0.1773614164738233
0.185316427846762
0.19215210657102363
0.19158639663816118
0.1962616049865944
0.1954192797380562
0.18647107291921974
0.1759550682258233
0.18469204941900444
0.18972094420464086
0.186967968220121
0.19156353761515887
0.18794608843232805
0.18514090265903
0.1904726701027775
0.17806007297118503
0.17156010490156084
0.17628963606629522
0.1758568607899857
0.1666307023466317
0.15846411052543669
0.1560213783737706
0.14774048233034087
0.1516804252911918
0.15440610598253707
0.15835955958324793
0.16204486269447338
0.16291988902543983
0.1595400605196319
0.16111746442025524
0.16194871264011299
0.1623655359706655
0.1703139195682791
0.17489832146756973
0.17485198811162878
0.17641412250002225
0.1790836565049551
0.16654261711454638
0.1671891400229
0.16646110847753784
0.16139126426442835
0.16426162668861444
0.16867426037581632
0.16907180971079813
0.1625005138610241
0.16069942577001323
0.16499503000547486
0.17155375613357252
0.16490372002810239
0.1611478661587586
0.15977276297576104
0.15758578095215062
0.16283634350635104
0.16734040936303632
0.16290601011801506
0.16484359913596258
0.1652900468651205
0.16409334444611026
0.16617819837129985
0.1773642683806394
0.17591020627995332
0.1679968071963949
0.16891500876911608
0.1607239237899395
0.15224557511424022
0.16428238914775967
0.17181283946268872
0.1734619340989428
0.1676193959583963
0.16801665038892996
0.16352008177927388
0.17506815048172444
0.17978164491015175
0.1725478874804886
0.16025683809067431
0.1752409657436795
0.17766352685517317
0.1802410250257639
0.166702732799376
0.17077658802217494
0.16975557480379935
0.16404357104307657
0.16178800637804588
0.16560816310790058
0.17475024704170097
0.18398987696193775
0.1892858957910289
0.1990256285952962
0.19852641951985653
0.2101578838253828
0.21149105501976473
0.19964375070119272
0.20715030076722915
0.20309927856226134
0.19018318876011295
0.17420373196354746
0.17186197978084283
0.17541957414191836
0.16728543643906083
0.17222481225540243
0.17342503748676436
0.17408410874849808
0.16947560394054273
0.16966846788369733
0.1623662678382111
0.1626873126842826
0.1530073604225181
0.1552166081994896
0.15114476857584594
0.1489385295092749
0.13878930391938743
0.13765437716625625
0.1409175862550239
0.1423706212228288
0.14025043940748402
0.1413544089724558
0.14286067460299157
0.14358808269423123
0.1396266332151306
0.14988048327330497
0.1558738988751918
0.14697359418864672
0.14029552136154846
0.1425360983696456
0.146064277103357
0.14719987540197244
0.15529479883760208
0.1417849134902159
0.1425524376970219
0.14777930109471077
0.138361692046908
0.14318727139866602
0.14675061318308122
0.14786475116533543
0.1466996321938807
0.1404484364228634
0.1437411094399045
0.14545283143458265
0.1456153961856601
0.14838232243904845
0.15090273685029398
0.1571027186520397
0.15933249952438597
0.14420569088056057
0.15013842737030234
0.15182887435996906
0.15420175292388227
0.15392013615672787
0.15839669675768048
0.15264450430956358
0.14856471061313523
0.1401884440629184
0.13893777945123606
0.1387838563633338
0.14073950685501097
0.13952216169320045
0.13882688211171576
0.14166493321351084
0.14492732062701755
0.1468663854749376
0.15076159542568643
0.14604331383510796
0.14223902524222928
0.14218649434980626
0.1402837817623342
0.1468103797877953
0.1445164402478685
0.15212886029024297
0.14523853364944456
0.14906081294444698
0.15264006258760884
0.15791324241579197
0.15798745404055964
0.15310217993025974
0.1552453389602465
0.1707840633847999
0.17655517731412
0.16829151140735796
0.1743743530741769
0.17943486228313915
0.18801844109854352
0.1877133931583539
0.18165593306841332
0.17293088199698675
0.1690733184254169
0.165519493553626
0.16746910934980955
0.1606656098964562
0.16806563719771805
0.1689665264974907
0.17470213519908487
0.18205331378078082
0.1844380429336553
0.1753442905948869
0.18148483036052424
0.17259232306769118
0.17149640047953152
0.17306487165390208
0.16788048933432748
0.17019377247306205
0.16762983344924326
0.1673335504780461
0.1664490913106563
0.16227149327119192
0.16234538501079507
0.16388765992891663
0.17239159539464233
0.16612766017726935
0.17946232405334092
0.17958488897128036
0.1807332387723276
0.18411467800367
0.18693047112831224
0.18297458052097496
0.1879307533367351
0.1840347948177283
0.18574771796535697
0.18633947943733384
0.17825044745887317
0.18260946236442774
0.1814316804102622
0.17613633930021277
0.17632211211560297
0.17965812044115737
0.1770332746643697
0.17711671914655094
0.18025365331939108
0.1688139155251222
0.17143911452607558
0.16394540161803978
0.15712769398935758
0.15844411473933603
0.159092719657092
0.1556837951490904
0.14982710265963653
0.15811814411059644
0.15896571431328851
0.16033009953903035
0.16293863227300967
0.17038495639400555
0.16575234026865412
0.16443209181832766
0.16491555713717515
0.1614111442919696
0.15911283141129962
0.15390801261757187
0.14945868179627997
0.14516009686957423
0.15525084922454005
0.15922692738228167
0.1579487971357442
0.16189901593355457
0.1617281144072985
0.17536210905809568
