0.627125771368295
0.6132500013969838
0.6125086335264146
0.5886211534030735
0.5707653296984732
0.5689512740701437
0.5675042210191488
0.5605483271211386
0.5529082356490195
0.5424935766853393
0.5299928390167653
0.5177638557583093
0.5015359485626221
0.4889019392170012
0.4813587004601956
0.4813587004601956
0.47936419135853653
0.4775234932914377
0.47633407488241797
0.46591138060539966
0.461046923840046
0.4604970572419465
0.4536280459526927
0.44226425433419647
0.43468667668513955
0.43468667668513955
0.42427523403540257
0.4217651909414679
0.4217651909414679
0.4217651909414679
0.4217651909414679
0.4204373467214406
0.41590013270340864
0.41078193044029176
0.40235856705829504
0.40168922203145924
0.40166572897285224
0.4000004023011774
0.39765769971311093
0.39765769971311093
0.3941591036926955
0.3868306566029787
0.3847384887866676
0.384232799648121
0.38369591960050164
0.3830111126374453
0.3830111126374453
0.38278647867776455
0.38104149475321175
0.3775439696732909
0.37748192298971117
0.37631057041510946
0.37631057041510946
0.37631057041510946
0.37631057041510946
0.3761432364284993
0.37597590244188905
0.37597590244188905
0.3749359425090254
0.3741471195191145
0.37153072097562256
0.37153072097562256
0.3709068911526352
0.37072643698081376
0.3700547511342913
0.3682426365856081
0.3676547536954283
0.3676547536954283
0.3676547536954283
0.365342974281311
0.365342974281311
0.365342974281311
0.365342974281311
0.365342974281311
0.365342974281311
0.3629392931561917
0.35911392525322733
0.34838761631920934
0.34058300091512506
0.3390065657969564
0.3370116497375071
0.33695067026913167
0.3325499286424368
0.3274623116247356
0.31618620861433444
0.31618620861433444
0.31618620861433444
0.3123895550705492
0.3074531426280737
0.30377174928784373
0.30377174928784373
0.3006637830037624
0.29979115892015396
0.2988840646378696
0.2988840646378696
0.2988840646378696
0.2941127810925245
0.2892647907357663
0.2892647907357663
0.2892647907357663
0.2892647907357663
0.28532389466129243
0.28138299858681853
0.2813062917754054
0.2813062917754054
0.2813062917754054
0.2809873485840857
0.2809873485840857
0.2779348711028695
0.2772058202121407
0.27608942306563256
0.27520133681297304
0.27514638324752455
0.27514638324752455
0.275091429682076
0.2728860120039433
0.2707905014567077
0.2641808567058295
0.25960548763871194
0.252223822838068
0.252223822838068
0.252223822838068
0.2519595664083958
0.2519595664083958
0.2519595664083958
0.2519595664083958
0.2516953099787235
0.25116679711937906
0.25116679711937906
0.25116679711937906
0.25116679711937906
0.25116679711937906
0.25116679711937906
0.25116679711937906
0.25116679711937906
0.25116679711937906
0.25116679711937906
0.25116679711937906
0.25116679711937906
0.25116679711937906
0.25116679711937906
0.25116679711937906
0.25116679711937906
0.25073065241202713
0.2502945077046752
0.24942221828997133
0.24942221828997133
0.24942221828997133
0.24942221828997133
0.24942221828997133
0.24942221828997133
0.24942221828997133
0.23858098626602442
0.2290831940330565
0.2290831940330565
0.2290831940330565
0.2290831940330565
0.22872221957053987
0.22637951709888873
0.22305434929877518
0.22253687958195806
0.21145568471476434
0.20523780966997146
0.2048768306672573
0.2048768306672573
0.2048768306672573
0.2035644480342045
0.2035644480342045
0.20225206540115176
0.20225206540115176
0.20225206540115176
0.19962730013504623
0.19962730013504623
0.19962730013504623
0.19962730013504623
0.19962730013504623
0.19962730013504623
0.19962730013504623
0.19962730013504623
0.19962730013504623
0.19743647134359926
0.19524564255215227
0.18947175068482755
0.18668728211596605
0.18529504783153533
0.18529504783153533
0.18529504783153533
0.18529504783153533
0.18529504783153533
0.18529504783153533
0.18529504783153533
0.18529504783153533
0.18529504783153533
0.18529504783153533
0.18529504783153533
0.18529504783153533
0.18529504783153533
0.18529504783153533
0.18529504783153533
0.18529504783153533
0.18529504783153533
0.18529504783153533
0.181909706213139
0.181909706213139
0.17852436459474263
0.1729622491147369
0.17175368135794997
0.17175368135794997
0.17175368135794997
0.17175368135794997
0.17175368135794997
0.17175368135794997
0.17175368135794997
0.17175368135794997
0.17175368135794997
0.17175368135794997
0.169429584149085
0.169429584149085
0.164781389731355
0.164781389731355
0.16245729252249
0.16245729252249
0.15406491948105394
0.15126746180057526
0.15126746180057526
0.15126746180057526
0.15126746180057526
0.15126746180057526
0.15126746180057526
0.15126746180057526
0.15126746180057526
0.15126746180057526
0.15126746180057526
0.15126746180057526
0.15126746180057526
0.15100487929750234
0.1507422967944294
0.1507422967944294
0.1504797142913565
0.1504797142913565
0.15021713178828358
0.15021713178828358
0.15017134652100503
0.15017134652100503
0.15017134652100503
0.15012556125372647
0.15007977598644792
0.15003399071916937
0.15003399071916937
0.15003399071916937
0.15003399071916937
0.15003399071916937
0.14972616132944822
0.14941833193972706
0.14941833193972706
0.1412783819603734
0.1412783819603734
0.13608514628857377
0.13608514628857377
0.13397081337906422
0.13185648046955467
0.13185648046955467
0.13185648046955467
0.13185648046955467
0.13185648046955467
0.13185648046955467
0.13185648046955467
0.13185648046955467
0.13185648046955467
0.13185648046955467
0.13185648046955467
0.13185648046955467
0.13185648046955467
0.13185648046955467
0.13185648046955467
0.13126377974413336
0.13126377974413336
0.13126377974413336
0.13007837829329075
0.12948567756786944
0.12948567756786944
0.12948567756786944
0.12948567756786944
0.12948567756786944
0.12948567756786944
0.12948567756786944
0.12948567756786944
0.12948567756786944
0.12948567756786944
0.12822744366507977
0.12822744366507977
0.12445274195671081
0.12445274195671081
0.12445274195671081
0.12445274195671081
0.12445274195671081
0.12445274195671081
0.12365769424159079
0.12286264652647078
0.12127255109623074
0.12127255109623074
0.12127255109623074
0.12127255109623074
0.12127255109623074
0.12127255109623074
0.12127255109623074
0.12127255109623074
0.12127255109623074
0.12127255109623074
0.12127255109623074
0.12127255109623074
0.12127255109623074
0.12127255109623074
0.12127255109623074
0.12127255109623074
0.12127255109623074
0.12127255109623074
0.12127255109623074
0.12127255109623074
0.12127255109623074
0.12127255109623074
0.12127255109623074
0.12127255109623074
0.12127255109623074
0.12127255109623074
0.12127255109623074
0.12127255109623074
0.12127255109623074
0.12127255109623074
0.12127255109623074
0.12127255109623074
0.12127255109623074
0.12127255109623074
0.12127255109623074
0.12127255109623074
0.12127255109623074
0.12127255109623074
0.12127255109623074
0.12127255109623074
0.12127255109623074
0.12127255109623074
0.12127255109623074
0.12127255109623074
0.12127255109623074
0.12127255109623074
0.12127255109623074
0.12127255109623074
0.12127255109623074
0.12127255109623074
0.12127255109623074
0.12127255109623074
0.12127255109623074
0.12127255109623074
0.12127255109623074
0.12127255109623074
0.12127255109623074
0.12127255109623074
0.12127255109623074
0.12127255109623074
0.12127255109623074
0.12127255109623074
0.12127255109623074
0.12127255109623074
0.12127255109623074
0.12127255109623074
0.12127255109623074
0.12127255109623074
0.12127255109623074
0.12127255109623074
0.12127255109623074
0.12127255109623074
0.12127255109623074
0.12127255109623074
0.12127255109623074
0.12127255109623074
0.12127255109623074
0.12127255109623074
0.12127255109623074
0.12127255109623074
0.12127255109623074
0.12127255109623074
0.12127255109623074
0.12127255109623074
0.12127255109623074
0.12127255109623074
0.12127255109623074
0.12127255109623074
0.12127255109623074
0.12127255109623074
0.12127255109623074
0.12127255109623074
0.12127255109623074
0.12127255109623074
0.12127255109623074
0.12127255109623074
0.12127255109623074
0.12127255109623074
0.12127255109623074
0.12127255109623074
0.12127255109623074
0.12127255109623074
0.12127255109623074
0.12127255109623074
0.12127255109623074
0.12127255109623074
0.12127255109623074
0.12127255109623074
0.12127255109623074
0.12127255109623074
0.12127255109623074
0.12127255109623074
0.12127255109623074
0.12127255109623074
0.12127255109623074
0.12127255109623074
0.12127255109623074
0.12127255109623074
0.12127255109623074
0.12127255109623074
0.12127255109623074
0.12127255109623074
0.12127255109623074
0.12127255109623074
0.12127255109623074
0.12127255109623074
0.12127255109623074
0.12127255109623074
0.12127255109623074
0.12127255109623074
0.12127255109623074
0.12127255109623074
0.12127255109623074
0.12127255109623074
0.12127255109623074
0.12127255109623074
0.12127255109623074
0.12127255109623074
0.12127255109623074
0.12127255109623074
0.12127255109623074
0.12127255109623074
0.12127255109623074
0.12127255109623074
0.12127255109623074
0.12127255109623074
0.12127255109623074
0.12127255109623074
0.12127255109623074
0.12127255109623074
0.12127255109623074
0.12127255109623074
0.12127255109623074
0.12127255109623074
0.12127255109623074
0.12127255109623074
0.12127255109623074
0.12127255109623074
0.12127255109623074
0.12127255109623074
0.12127255109623074
0.12127255109623074
0.12127255109623074
0.12127255109623074
0.12127255109623074
0.12127255109623074
0.12127255109623074
0.12127255109623074
0.12127255109623074
0.12127255109623074
0.12127255109623074
0.12127255109623074
0.12127255109623074
0.12127255109623074
0.12127255109623074
0.12127255109623074
0.12127255109623074
0.12127255109623074
0.12127255109623074
0.12127255109623074
0.12127255109623074
0.12127255109623074
0.12127255109623074
0.12127255109623074
0.12127255109623074
0.12127255109623074
0.12127255109623074
0.12127255109623074
0.12127255109623074
0.12127255109623074
0.12127255109623074
0.12127255109623074
0.12127255109623074
0.12127255109623074
0.12127255109623074
0.12127255109623074
0.12127255109623074
0.12127255109623074
0.12127255109623074
0.12127255109623074
0.12127255109623074
0.12127255109623074
0.12127255109623074
0.12127255109623074
0.12127255109623074
0.12127255109623074
0.12127255109623074
0.12127255109623074
0.12127255109623074
0.12127255109623074
0.12127255109623074
0.12127255109623074
0.12127255109623074
0.12127255109623074
0.12127255109623074
0.12127255109623074
0.12127255109623074
0.12127255109623074
0.12127255109623074
0.12127255109623074
0.12127255109623074
0.12127255109623074
0.12127255109623074
0.12127255109623074
0.12127255109623074
0.12127255109623074
0.12127255109623074
0.12127255109623074
0.12127255109623074
0.12127255109623074
0.12127255109623074
0.12127255109623074
0.12127255109623074
0.12127255109623074
0.12127255109623074
0.12127255109623074
0.12127255109623074
0.12127255109623074
0.12127255109623074
0.12127255109623074
0.12127255109623074
0.12127255109623074
0.12127255109623074
0.12127255109623074
0.12127255109623074
0.12127255109623074
0.12127255109623074
0.12127255109623074
0.12127255109623074
0.12127255109623074
0.12127255109623074
0.12127255109623074
0.12127255109623074
0.12127255109623074
0.12118788172602653
0.11799899471271783
0.10851700304299593
0.10851700304299593
0.10851700304299593
0.10851700304299593
0.10851700304299593
0.10851700304299593
0.10851700304299593
0.10851700304299593
0.10851700304299593
0.10851700304299593
0.10851700304299593
0.10851700304299593
0.10851700304299593
0.10851700304299593
0.10851700304299593
0.10851700304299593
0.10851700304299593
0.10851700304299593
0.10851700304299593
0.10851700304299593
0.10851700304299593
0.10851700304299593
0.10851700304299593
0.10851700304299593
0.10851700304299593
0.10851700304299593
0.10851700304299593
0.10851700304299593
0.10851700304299593
0.10851700304299593
0.10851700304299593
0.10851700304299593
0.10851700304299593
0.10851700304299593
0.10851700304299593
0.10851700304299593
0.10851700304299593
0.10851700304299593
0.10851700304299593
0.10851700304299593
0.10851700304299593
0.10851700304299593
0.10851700304299593
0.10851700304299593
0.10851700304299593
0.10851700304299593
0.10851700304299593
0.10851700304299593
0.10851700304299593
0.10851700304299593
0.10851700304299593
0.10851700304299593
0.10851700304299593
0.10851700304299593
0.10851700304299593
0.10851700304299593
0.10851700304299593
0.10851700304299593
0.10851700304299593
0.10851700304299593
0.10851700304299593
0.10851700304299593
0.10851700304299593
0.10851700304299593
0.10851700304299593
0.10851700304299593
0.10851700304299593
0.10851700304299593
0.10851700304299593
0.10851700304299593
0.10851700304299593
0.10851700304299593
0.10851700304299593
0.10851700304299593
0.10851700304299593
0.10851700304299593
0.10851700304299593
0.10851700304299593
0.10851700304299593
0.10851700304299593
0.10851700304299593
0.10851700304299593
0.10851700304299593
0.10851700304299593
0.10851700304299593
0.10851700304299593
0.10851700304299593
0.10851700304299593
0.10851700304299593
0.10851700304299593
0.10851700304299593
0.10851700304299593
0.10851700304299593
0.10851700304299593
0.10851700304299593
0.10851700304299593
0.10851700304299593
0.10851700304299593
0.10851700304299593
0.10851700304299593
0.10851700304299593
0.10851700304299593
0.10851700304299593
0.10851700304299593
0.10851700304299593
0.10851700304299593
0.10851700304299593
0.10851700304299593
0.10851700304299593
0.10851700304299593
0.10851700304299593
0.10851700304299593
0.10851700304299593
0.10851700304299593
0.10851700304299593
0.10851700304299593
0.10851700304299593
0.10851700304299593
0.10851700304299593
0.10851700304299593
0.10851700304299593
0.10851700304299593
0.10851700304299593
0.10851700304299593
0.10851700304299593
0.10851700304299593
0.10851700304299593
0.10731004108577034
0.10489611717131918
0.1036891552140936
0.1036891552140936
0.1036891552140936
0.1036891552140936
0.1036891552140936
0.1036891552140936
0.1036891552140936
0.1036891552140936
0.1036891552140936
0.1036891552140936
0.1036891552140936
0.1036891552140936
0.1036891552140936
0.1036891552140936
0.1036891552140936
0.1036891552140936
0.1036891552140936
0.1036891552140936
0.1036891552140936
0.1036891552140936
0.1036891552140936
0.1036891552140936
0.1036891552140936
0.1036891552140936
0.1036891552140936
0.1036891552140936
0.1036891552140936
0.1036891552140936
0.1036891552140936
0.1036891552140936
0.1036891552140936
0.1036891552140936
0.1036891552140936
0.10342349302950314
0.10093072196515276
0.0984379509008024
0.09371807095669211
0.09371807095669211
0.09371807095669211
0.09371807095669211
0.09371807095669211
0.09371807095669211
0.09371807095669211
0.09371807095669211
0.09371807095669211
0.09371807095669211
0.09371807095669211
0.09371807095669211
0.09371807095669211
0.09371807095669211
0.09371807095669211
0.09371807095669211
0.09371807095669211
0.09371807095669211
0.09371807095669211
0.09371807095669211
0.09371807095669211
0.09371807095669211
0.09371807095669211
0.09371807095669211
0.09371807095669211
0.09371807095669211
0.09371807095669211
0.09371807095669211
0.09371807095669211
0.09371807095669211
0.09371807095669211
0.09371807095669211
0.09371807095669211
0.09371807095669211
0.09371807095669211
0.09371807095669211
0.09371807095669211
0.09371807095669211
0.09371807095669211
0.09371807095669211
0.09371807095669211
0.09371807095669211
0.09371807095669211
0.09371807095669211
0.09371807095669211
0.09371807095669211
0.09371807095669211
0.09371807095669211
0.09371807095669211
0.09371807095669211
0.09371807095669211
0.09371807095669211
0.09371807095669211
0.09371807095669211
0.09371807095669211
0.09371807095669211
0.09371807095669211
0.09371807095669211
0.09371807095669211
0.09371807095669211
0.09371807095669211
0.09371807095669211
0.09371807095669211
0.09371807095669211
0.09371807095669211
0.09371807095669211
0.09371807095669211
0.09371807095669211
0.09371807095669211
0.09371807095669211
0.09371807095669211
0.09371807095669211
0.09371807095669211
0.09371807095669211
0.09371807095669211
0.09371807095669211
0.09371807095669211
0.09371807095669211
0.09371807095669211
0.09371807095669211
