0.7091681524013974
0.7065112805563208
0.7024267374189196
0.6984432406010724
0.6935226015957193
0.6915691617149113
0.6865428189438076
0.6849243261618415
0.6847284203221893
0.6761465126199522
0.6743472013598181
0.6701399839806551
0.6648676012853283
0.6581322616187231
0.6579200400484597
0.655311169538299
0.6510438583713769
0.6442165956350169
0.6456591611561178
0.6471069938219585
0.6469190699450175
0.6439349081990122
0.6424455249138179
0.6447739819936953
0.6405914577938616
0.6411885745863121
0.6417033291421829
0.6405343176244197
0.6406738648597899
0.6444222187141081
0.6420030246499678
0.6409840782341357
0.6383492759616175
0.6352888913724821
0.6287632423084972
0.6251998466362553
0.6316716952283676
0.6241639813417686
0.62589379330039
0.6226411348918076
0.6187860976064202
0.614597784204135
0.610216383968194
0.6100863764862712
0.607654254292001
0.6053826606128115
0.6027882028809685
0.6026929663468894
0.6018235606159266
0.6068781936294333
0.6028572659028569
0.5997712169134616
0.5975360629598294
0.594222571823249
0.5877201633603375
0.5866400941603878
0.5855226845798394
0.5864631724255778
0.5866548073329032
0.5872927627518274
0.5866759168296553
0.5864920885722337
0.5861496780603128
0.5857358014653623
0.5848466688088076
0.5835363531712691
0.5825417092607913
0.5810589968955019
0.5813152774829167
0.5820952046816548
0.582332640619725
0.5804040692000092
0.5805059794170161
0.5787175868181883
0.576128314240575
0.5752550688895585
0.5758157746421796
0.5690571380273999
0.5706849833286801
0.5699196992021304
0.5671991706870496
0.5675211016733449
0.5697163902083535
0.5725090535221
0.5688182784142098
0.5666226825618745
0.5683143486076095
0.5689288725590707
0.5653458198441567
0.5639271262922384
0.5598204381422699
0.5618983358790971
0.5613291540468236
0.5595448063084484
0.5603953045233093
0.5602549510104958
0.5605882662444315
0.5550879217968882
0.5543426249107224
0.5528781401074429
0.5547613433609901
0.5514042875104648
0.5514815204743544
0.5516831517494223
0.5519450460402171
0.5527048391233387
0.5524072645990054
0.5525223717053237
0.5528875621681909
0.554267038309922
0.5546116796435416
0.5516214129024247
0.5509109456086656
0.5500090306727592
0.5494851707802219
0.5486996751110257
0.5479060343050459
0.5483733760516843
0.5459726156282425
0.5458085091117523
0.5445440165471533
0.5441777400577564
0.5448656851696472
0.5448367260252432
0.5460713346682488
0.5429711682034033
0.5437041105833651
0.5418262693179147
0.5441505909161765
0.5425457125205796
0.5418671539536116
0.5397059505448243
0.5381635671974717
0.5383667962187031
0.5377230067057907
0.5361994446306922
0.5340570492067934
0.5350602573655047
0.5358392778864499
0.5366706690882643
0.5359402442023157
0.5366063989009956
0.5375097375430662
0.53919033513392
0.5351804943342507
0.5343478237558901
0.5350210960541666
0.5359358322312435
0.5336603128745161
0.5324529033559561
0.5337021563441554
0.532851152867029
0.5322919003445903
0.5309084369625151
0.5316960166092219
0.5287714079351722
0.5260250772096715
0.5250239874887963
0.5227666188880306
0.5225857268324992
0.526261137592743
0.5212787097886703
0.520458667629113
0.5221916374220947
0.5237130384962262
0.5225717429760596
0.5236940032287439
0.5265941710285843
0.5296253902704517
0.5301822437054913
0.5308534051410857
0.5272023487628501
0.5303257151904702
0.5306576413336893
0.5305485868492226
0.526416042594115
0.5235715168420972
0.5235239174816012
0.5187389387166004
0.518165374561449
0.5175042193349702
0.5151980668094756
0.5137431801868977
0.513868467573176
0.5111963631989064
0.5135887963428598
0.5155393762689334
0.5172711956785124
0.5117892116978766
0.5109308240352571
0.5092440126354002
0.5087376665424806
0.504320617552996
0.5053392774828774
0.5058761342087887
0.5080480314178272
0.5102779537735882
0.5094568829903009
0.5102261517183485
0.5129475160969795
0.5135470634875696
0.514312068920533
0.5166728184471029
0.515262718977978
0.5168459842289488
0.5152604498462876
0.5137667433174948
0.5156031557542087
0.5167411304212611
0.518260514234205
0.5157657986091079
0.5165201158299548
0.5189087408648929
0.518517786874026
0.5174590347706775
0.5183398453943929
0.5144138471950094
0.5179015206295748
0.5113853101424872
0.511847176771909
0.5105551215733587
0.513699756480654
0.5114813187109927
0.5065828731178244
0.5087642578932144
0.5105143897736568
0.5111274706466495
0.5119105873148636
0.5109901125391819
0.5121562290521462
0.5114604523920019
0.5119377665703991
0.5124775545000035
0.5118412684175868
0.508254631740699
0.5049415565489729
0.503951896215528
0.502649108503262
0.5001214770730334
0.49849820334662975
0.49529632370923937
0.49503843454097685
0.4953335249448815
0.49702113765483097
0.49797999748532973
0.4945781136878331
0.4966885519542794
0.49891414029364795
0.49686219962120054
0.49770303107629216
0.4988371193070212
0.49824314004530496
0.499296047778676
0.49783606510197115
0.496475405296286
0.49855905287007485
0.49950650308892114
0.5018019553257526
0.49993682977855197
0.4985108220172923
0.4965791159541409
0.49771760069539156
0.49996563509354985
0.4989146763216954
0.496654273912559
0.49772968321373073
0.49394385989253725
0.4951267621619502
0.4929820887895424
0.49178166570425036
0.4929960172301034
0.4930750581167637
0.49169422926947465
0.490524972524941
0.49076178004408877
0.4910004363416135
0.49134017239446437
0.48989171509727825
0.49013874148577474
0.4895879682095846
0.488008308310757
0.4896851171028117
0.4894406207195917
0.4902471746608119
0.4890559633044402
0.4909834002359212
0.49189789630870046
0.4918638842941823
0.49338869945049296
0.49225916404331743
0.494423509949992
0.49605791211073597
0.4932853260066113
0.49552413666139045
0.4964208159014087
0.4989886101331808
0.5010466844866673
0.5001691592002414
0.5006759890099367
0.5008532546334964
0.4969047412064176
0.5005171486448744
0.49998943152959147
0.49919674328645075
0.4989180569060147
0.4971160736393928
0.5001141016733149
0.49485487215543794
0.4928776982396842
0.49298409714068014
0.4936617650491994
0.4948322333363693
0.4920092452578248
0.4976648798546694
0.4995694598118466
0.5007869936977823
0.5031910457297168
0.5015165636583171
0.5012045479183894
0.5023974327403307
0.5021868305547533
0.4976659834837915
0.497878590512524
0.5010202965446313
0.497902616155992
0.49929004129022364
0.4976946937381229
0.4943056500573954
0.49491874806741887
0.49660037881463787
0.5010575300983588
0.5006234869143864
0.4966025148862103
0.49110706361174583
0.48967097485318767
0.49291155192320546
0.49180378147209697
0.4914904686286549
0.49119409009337445
0.49157595433230217
0.4898217485020061
0.48983883067891004
0.4894586467355492
0.490148154729704
0.48973453016047674
0.49159390587061647
0.49090404045199354
0.4907000545155009
0.48849809630244967
0.4874227148489158
0.48480880519072217
0.4850421609698237
0.4869205993915103
0.48617973977834
0.485850347800404
0.48427955679734563
0.4828569623731076
0.4848219613486032
0.4843586033652721
0.48401489258324104
0.4862684434198836
0.483566785135468
0.4828138973642389
0.4832721538293861
0.48434747108126686
0.48307220269466455
0.4824825977460544
0.48399387277632944
0.48288752997418244
0.4816120567817986
0.4800304319641987
0.48151492539813107
0.48158729486818114
0.48163335906987387
0.4810623986525833
0.4811426629412173
0.48093028617550915
0.4796598707273602
0.47932078892300517
0.4774608038558065
0.47900398466358585
0.47860196752657486
0.47918530598238096
0.48140407152831544
0.48250502545709406
0.47969201598828026
0.47873102967922876
0.4778515517679848
0.4803068001924453
0.4820628329141438
0.48195133025979003
0.48166772170990707
0.4814950660333037
0.4802736047933499
0.48082713032806906
0.48045617596467344
0.4804666578807931
0.4805794785942138
0.48020590332488217
0.479953317375978
0.47872894300078356
0.4764725286392373
0.477912908850958
0.47798678855041676
0.4809255979322892
0.48187632262259716
0.48341978516648226
0.48287483806764103
0.48455014696836485
0.4878429753499728
0.4871134436372421
0.48968352745955196
0.4889405840861799
0.49437001617456483
0.49236338831449566
0.4900356803265711
0.4917097625345489
0.48824038573776696
0.4882053616155685
0.4898477951630952
0.4934229360777142
0.49349939359222855
0.49496775384182745
0.49387698634003613
0.49448298118655903
0.49519701713696135
0.4934725580702226
0.488578965136111
0.48570433174997585
0.4861608063083889
0.4871831436775626
0.48808665822227826
0.48798693086206923
0.48995815196668124
0.4916751419080298
0.48878022355710476
0.4897660679270824
0.48878109434664263
0.48674272341748087
0.48648117074911784
0.4867404313433173
0.4854730677098036
0.4857026784017681
0.48671747815961647
0.4875865450001258
0.48804679243112614
0.4871565668560564
0.4830664981528124
0.479825705814759
0.4782256009748083
0.479408423023224
0.4830978136972091
0.48404653962930055
0.4835743599701424
0.4843510244946678
0.48270949098130095
0.4828558381298186
0.4806286327652136
0.4821960869579018
0.47965490947191924
0.4784253918847444
0.47716510645429305
0.47822228875224815
0.47710603449131045
0.47765607037966445
0.4802616232032083
0.4811810158641141
0.4814944738132756
0.480411827760637
0.4788472706838451
0.4768666360559067
0.474859988264839
0.4742983052372933
0.4752716141689818
0.4751420825493833
0.47536984294181067
0.4736341664337616
0.47423106705779855
0.47449777159974
0.47364070963333055
0.47466468842938564
0.47716959734251135
0.47594167377601093
0.47504438477536065
0.4762458840147658
0.4778486467976373
0.4756983827884
0.4769787947284681
0.47752017950385833
0.4738165497500697
0.4724256246933837
0.4726029398341477
0.47410194017564256
0.47498603020702806
0.4730273412187894
0.473589171866725
0.47363379311412585
0.4735301469373207
0.47473326227063956
0.4749166977429887
0.47394650957743334
0.4729237147868176
0.47332349719037636
0.47195279656012856
0.47187799670914804
0.4752402466237545
0.47443725534747044
0.4754981092483302
0.47542796600535514
0.47725331656883163
0.4777869054049255
0.4820654235509038
0.48374881360396743
0.48348219493334493
0.4803725751450658
0.481697953897665
0.4832783766414721
0.48149979448010516
0.4838372881313166
0.48089736071527006
0.4817336221787334
0.4840314062586924
0.4831326121200622
0.484619063270241
0.484457080127895
0.4867919853465758
0.487866409704735
0.4867874639718731
0.4858379716555775
0.4873526227685811
0.48672515507121905
0.4864171590450405
0.48366975371763105
0.4840968359876674
0.48474187827135157
0.48159430846601736
0.47837084750548015
0.47891808180426576
0.4800507362391055
0.4812081581756969
0.48109528890743875
0.482080873707682
0.4826784943031272
0.4821897465461492
0.4813079251187047
0.4826231662164629
0.4828488146595656
0.4831475809505582
0.4828166023407381
0.4823662544472018
0.48181464282383535
0.47903637245034186
0.47561895278006794
0.474876148210168
0.47475886184836436
0.4758942130327226
0.47738304442574603
0.47577237136373923
0.47876093843708456
0.4772161302039028
0.4751101852782569
0.47602795827507965
0.4764853004873792
0.4772049080748359
0.4760271013318002
0.47467791754364946
0.47373235854203494
0.4781988089781998
0.47879318537135895
0.48090711049010365
0.47974134578242894
0.48061689053421214
0.4785185287323099
0.4792339400514463
0.4785391297692557
0.4801826291017731
0.478722224426319
0.4772378819657365
0.47610032963891835
0.4772995630374051
0.478793280152728
0.47862154167825977
0.4791184658656517
0.4773780177267889
0.47823100108653294
0.47817478504235544
0.47698441299552724
0.47753479010274014
0.4787245841792725
0.47986913417771476
0.47983723622361824
0.4804535912265878
0.4785632601595423
0.4783775341342886
0.4773300254881879
0.47785455350652334
0.4795794075315196
0.4808574009810387
0.4809293256961305
0.4793854430473844
0.4776826250348985
0.4797971972618004
0.47953970007136454
0.47892741818005835
0.47986945816641036
0.477297963552773
0.47966356729060405
0.48073846897015965
0.47709785728469495
0.4767125398465493
0.4791693022569516
0.474778935270508
0.47657545118123285
0.4766208136971791
0.47725373204802485
0.4778392417186002
0.475136864580363
0.47426445717295
0.47288602104862554
0.4717178362980981
0.4713467863772312
0.4725163120051223
0.47253658902232837
0.4731941655955712
0.4716707292538881
0.4709401347054539
0.47214209655076267
0.47441889298677437
0.4763358109341066
0.4805209196547171
0.47953367641483735
0.47729934416805714
0.4766370964266358
0.4779397578155497
0.47740323125630624
0.47820306553651887
0.47672675256893027
0.4769031010523437
0.47647452662125234
0.4770767759770653
0.47556636229852833
0.47620663279617836
0.47394172406931717
0.4757978253701827
0.47453189503575344
0.47392326143234953
0.4731090408244728
0.47267111747528123
0.4714687905994056
0.4721019151531158
0.4736894509949285
0.47430799562250553
0.47283208540553834
0.4726808636179566
0.4705294682871796
0.4712507281983891
0.4721098032037913
0.47190008351176954
0.4712369023625054
0.4726104046753545
0.4725134503429631
0.4742985710470872
0.47660284527018654
0.47810074657718343
0.4779388376641274
0.4778363267516594
0.47753025966276713
0.47509390453562117
0.47797299615030486
0.4816997997267543
0.4789754946446417
0.4784983571760354
0.4779277166184786
0.47939360448290924
0.47964398671259484
0.4781379574989775
0.4770028272018332
0.47436748505160214
0.47513789466326417
0.47595537220199896
0.4780000988481442
0.4769583890906474
0.4738142064511776
0.4780903440128265
0.47706681782618177
0.4767522965446115
0.47765598509818313
0.47850348809406157
0.4807823993045092
0.48171627794846894
0.48370728915587075
0.4834852468100688
0.4837854151687025
0.4808877945111693
0.47960724873488164
0.47890361637329054
0.4808991780758401
0.4789952636056146
0.4808583985905349
0.47726337602064006
0.4759213568656643
0.4771177017168204
0.47713711542641124
0.47833127990439533
0.47987462481757015
0.48078430772095915
0.4822088476296763
0.48319608382225027
0.482475643382619
0.48102798621584975
0.4784302794386447
0.4828602583278716
0.47957344363724186
0.48102612654060134
0.48103034019430485
0.47781603287691876
0.4804514541305602
0.4799655375182133
0.4809701485517125
0.48103478311752285
0.48048912955194717
0.4815906391604743
0.48299158967430406
0.48062494182104876
0.47885253310978426
0.4780996472632886
0.4771195427958667
0.47955212374647455
0.47918444388558473
0.4755575150724252
0.4773264405016603
0.4793812478966514
0.4817815436030925
0.47851419949700424
0.47704714212531835
0.47554221253603723
0.47551327242245284
0.4777019241252542
0.4759872872310381
0.4772038080779712
0.4753297386916977
0.47535752516215063
0.47509516571973776
0.4713094026573996
0.46979439312651755
0.4716024958864352
0.47151650020172203
0.47080371956780565
0.4709682750612498
0.4705792754027249
0.4688132658408088
0.4704217836763462
0.46954585470795623
0.47182200878575453
0.4710263355996211
0.4705625058830282
0.46897193784723684
0.46942352429285644
0.4702919044425091
0.4688825515817105
0.4694081732326746
0.4707210068609317
0.4713720398620764
0.4695352375895778
0.4736057580639423
0.4723372263822458
0.4711657678121825
0.473232299090326
0.4729107919964694
0.47345955626949693
0.4727771702523531
0.47008117667873717
0.4717693551581602
0.47304030669644487
0.47446004687835797
0.47550689488058306
0.47631118639593345
0.47594006538132855
0.47637466027130704
0.4727656763838729
0.47183861587653586
0.4745550331563256
0.47400133988385407
0.4736285392567516
0.47372165300672264
0.4761755575734874
0.47842867386917276
0.47320515246341616
0.4716258624692757
0.4713916899816197
0.4722873673589031
0.47101754347885655
0.47261690049976124
0.47176534131194164
0.47046836291948957
0.4701973404737313
0.46749290888200207
0.46638870739807703
0.46798754813566823
0.46659934603080166
