0.7074582332277544
0.7049900280494241
0.7031682624569037
0.6990102082052577
0.6973593655118095
0.6961721405420698
0.6968932687280577
0.6947434349135064
0.694015226987675
0.6922026667442671
0.6922644686908027
0.6873442657321942
0.6839986892521136
0.682840710968276
0.681380126043906
0.675473524603397
0.6756912297351662
0.6723274515693143
0.6736557273601991
0.672599585731576
0.6724119716090711
0.6713019143149757
0.6702057095401984
0.6716468516966209
0.6690976252988728
0.6676354613951347
0.6681354912141712
0.6673929798205696
0.6651094377076131
0.6608302122877043
0.6592484636459499
0.6592042691937586
0.6547821467045198
0.6482513143491002
0.6485510145291685
0.6498325425475342
0.6467402487504239
0.6447567223153263
0.6428580799416205
0.6438495177423956
0.6419487501319004
0.6388720779391875
0.6353638435161861
0.6329867562788974
0.6307499724783255
0.6300618109186245
0.6292800822389627
0.627208608037606
0.6273250411815695
0.6290979651982092
0.6289137814100585
0.6287840999192745
0.6279298157306268
0.6262812978950888
0.6270209198565535
0.627209618220454
0.6247046596349032
0.6221352083139122
0.6217725086461008
0.6213151049951712
0.6213735254260652
0.6194066328427946
0.6178367782899987
0.6171850830306364
0.6154469929837685
0.615059555415834
0.616621267175774
0.6164463274812453
0.6149034567383431
0.6124777277793243
0.6106250373164316
0.6079735644189767
0.6070906967495385
0.6064668680574994
0.6036032805252574
0.6042860480425509
0.603357961007059
0.6009629730837046
0.5981567808046689
0.5981275277544806
0.5974023861413696
0.5977203002079825
0.5998522122566899
0.5972113779298714
0.5986010514265051
0.5989355320697775
0.597133313619594
0.5958578610722721
0.5966025395827245
0.5956442758529633
0.5946418424761791
0.5977546664493282
0.5984223735214523
0.5969330856073646
0.5970059716090811
0.5992022056750458
0.5988905502312633
0.5973432813944918
0.5963331950265168
0.5955977598801503
0.5939778771227103
0.5943231572443746
0.5925541129738092
0.5897766710129877
0.5876621693830687
0.590012282387962
0.5913821555213877
0.5919198767812053
0.5928423408617827
0.5934871406817186
0.5913013093197595
0.5910870212504515
0.5913050844431917
0.5914322566358992
0.5905403120051819
0.5921437477880219
0.591673247772455
0.5874181907733279
0.586097715407759
0.5866122157492982
0.5836699682716529
0.5807949180559068
0.5804844024246184
0.5795926493899277
0.5784003897891691
0.5776366367079319
0.5773868409238756
0.5770503091645492
0.5792806575858839
0.5771086423426619
0.5782001807456715
0.577983677377254
0.577594774968152
0.5801708471949893
0.579833571233402
0.58011297358046
0.5770619568935782
0.5744164424109213
0.5735930696035427
0.5709870147775111
0.5713447160752368
0.5700432809444023
0.5673861815373356
0.5660962232001374
0.5643344968644034
0.5641167433484895
0.561682044270585
0.5600215241997939
0.5591763904877005
0.5558454299618053
0.5574912203905481
0.5572163887647039
0.5570014886994906
0.5562395204122859
0.5550584602930395
0.555216646502738
0.556586055540045
0.5560530828443416
0.5554543806773922
0.5558712424482156
0.5542751917822908
0.5555261938002457
0.557189342212279
0.5573427555958675
0.555928962124735
0.5560082723758862
0.5553463414205858
0.5559085992828255
0.5553360806711762
0.5551605064263688
0.5558645186116792
0.5559950098413224
0.5552606670702495
0.5570375733910746
0.5565973578901586
0.5553596589363614
0.5544636417372522
0.5545275489118194
0.5549474428301054
0.5536593172828854
0.5515317565272498
0.551395146828666
0.5497316617304581
0.5483777353078128
0.5474331159076342
0.546165552404448
0.5475165003104258
0.5465823072087018
0.5464496462233114
0.5463297205613054
0.5453330325975513
0.5440952784452335
0.5431387728104987
0.5422544659898675
0.5414063439663493
0.5413434282077352
0.5407203404271846
0.5404337319393698
0.5410360218558705
0.5393578138213353
0.5428021026046572
0.5414016091242181
0.5392850123094266
0.5376537146626909
0.5387630002793667
0.5373216458973284
0.5372291213871038
0.5370013480487958
0.5366060164074347
0.5361969899723427
0.5387474484648055
0.5369927905219047
0.5358741116388634
0.5354107354009643
0.536073013768618
0.5355531666976955
0.5354782661202546
0.535036910899977
0.5366696392847099
0.5369228192387768
0.535599901213894
0.5354383971624571
0.5363174623420586
0.5359556071373074
0.5358388348700601
0.5376404163794715
0.5355173034677407
0.535090875135809
0.5334678027847658
0.5356495613144089
0.5352496133152893
0.5345384486355385
0.5354855844276647
0.5327040418800708
0.5295301156126457
0.5281117381329338
0.5262384767470508
0.5284205067678539
0.5289573376175264
0.5293926874049008
0.5285426952904461
0.5277475390084085
0.5261770627425114
0.5262342980037629
0.5259680341498056
0.5254567421067257
0.5251103688336162
0.5246459554655104
0.523861729129801
0.5228465283909441
0.5228862281363454
0.5231434799757847
0.5239809743876256
0.5237358913414678
0.522791517494023
0.5217634832976014
0.520779796094497
0.5189794526404141
0.519319746903206
0.5194271647418789
0.5193994526714583
0.5205395411350083
0.5188620776908348
0.5190266642606508
0.5191916904473804
0.5190315060848745
0.5200325264350577
0.5179899236285689
0.5162514445996782
0.515767613222177
0.5163126676445955
0.5137425534754994
0.513712989661892
0.5159380237341176
0.515470228508835
0.5144001105523108
0.5125066607835641
0.5125846534413597
0.5118161819564303
0.5107419992083064
0.5108890954332056
0.5082800415075325
0.5082852035794905
0.5084574913538497
0.5083722078947973
0.507154009034137
0.5076738820123425
0.5086631201453012
0.5081617152835928
0.5074462918568158
0.5074768352891755
0.5091026084722832
0.5092380707987897
0.5087184384061151
0.5094149163174384
0.5093530456210925
0.5099066053987794
0.5097960044550153
0.5105639906088265
0.5120393844494473
0.5111467043246327
0.5115625361522538
0.5109600369748971
0.5112266616994146
0.5089028802738339
0.5093385202105096
0.5101685939275228
0.5101110851882897
0.510763655024668
0.5107938741268467
0.5095640458383909
0.509791839123269
0.5102585340411465
0.5097225112694255
0.5105995227872582
0.5094946406041336
0.5119231869702786
0.5140629632423818
0.5146637402129671
0.5122412738660724
0.5116306425910441
0.5126280538325506
0.5128341326099387
0.5134308658843237
0.5153262591195357
0.5148059045512228
0.5160370152432224
0.5147216229238113
0.5164263466051471
0.5147006851696473
0.5127635211728762
0.5128161773307126
0.5122727170376229
0.512745798919598
0.5132183522244047
0.5137761253143102
0.5143985630064207
0.5136315148706984
0.5139893343423055
0.5131569385923943
0.5125456465182207
0.5127487492005776
0.5125899951880177
0.5119625174940629
0.5111514060569059
0.5095248508739225
0.5090499766849479
0.5061503369966646
0.505474971841872
0.506746209400495
0.5074368101735165
0.5084710816801589
0.5085869500015426
0.5061841078823808
0.5038286237465094
0.5056292152680457
0.5045346143397936
0.5034553854118041
0.5030153258669128
0.5052775507435204
0.5059202738815547
0.5042262412684909
0.5018993270932142
0.5013858016826213
0.5024816469683995
0.5033665716059509
0.5039912906305244
0.5031399572816493
0.501821220157668
0.502782319440519
0.5027961689174177
0.5035275864145654
0.5036818001769234
0.5010354438545308
0.4997766995901616
0.5009319292788207
0.49976264597497866
0.5011620765266319
0.5011571391605091
0.49954494582593434
0.49721712556265296
0.4961535863989841
0.4948940424078208
0.4961232273446521
0.4948551380894086
0.49584384865413117
0.49546924252579644
0.49433947767836384
0.4940507906770461
0.49550298384087804
0.49534906792705297
0.49510478325722107
0.4949909770885111
0.4941501825928442
0.49355622599415494
0.49141977214304144
0.49273874327090905
0.49246490276609883
0.4919427835832042
0.4905322802923868
0.48914777262419484
0.4886384847256793
0.4879484237682324
0.48707312309453904
0.48563005196978665
0.48628359172329316
0.4854687399800866
0.4858829893979679
0.4875778244388104
0.48797301507247
0.490273021498844
0.49098064833439903
0.49025686600849033
0.48969645440995685
0.4897288685076186
0.4906811469218386
0.4906390845207623
0.4894866654869418
0.4895190248983104
0.4895176357921213
0.4889817521188408
0.48783362801526986
0.48813133871970066
0.48755597921517985
0.4894000998571765
0.48933045282666876
0.48933957250624865
0.48956439843530475
0.48815052778549506
0.4884008442612738
0.4893884536338351
0.4876748451926062
0.4891331670236589
0.48885548388746863
0.48805410816177713
0.4894060596690574
0.49098618738939354
0.4895984329266349
0.49044109468812735
0.4887828312998513
0.48977445737478637
0.4882901877308882
0.4867586167613416
0.4864141853869707
0.48559964720124965
0.4855969110241532
0.4848116506007066
0.48416629697928815
0.4828397302008419
0.48321370373472583
0.48397759867742646
0.48369325978701305
0.48341664134917156
0.48404566165280827
0.4840545937257259
0.48495562037810674
0.4845179044425488
0.48574251345813274
0.4847493458756309
0.4839811585482953
0.484138554282685
0.4839901749402283
0.48467920522488656
0.48388695192632547
0.4841755989723652
0.48535137761943037
0.48623199618140867
0.4829070922821013
0.4815445669802028
0.48200108858771623
0.480463645478164
0.482624381717369
0.4825055269317329
0.4826168932507187
0.48038193606215224
0.4797108157150944
0.48041060150255743
0.4807185512091718
0.48075483294521754
0.4806076108937213
0.48083361742878933
0.4803660640618948
0.48023599362013214
0.48115920334662005
0.48020350103999176
0.47934285681903394
0.4794624254601946
0.48041286014089973
0.47958865933994466
0.4801809583216655
0.47962687965286277
0.4809109890565027
0.4812533378348747
0.4817123017757385
0.4812163865759968
0.48282613391382
0.481670536943848
0.4800476052900654
0.4805662352767338
0.4800070571232835
0.480428566561068
0.48040744902359955
0.48040043815774214
0.48093561728907164
0.48193295988942175
0.4818659297599644
0.4814433015584203
0.48171741280923297
0.48436909090057
0.48583148145039856
0.4862634688460333
0.4861959478904557
0.48682757519168174
0.48534301181269185
0.4848679029679052
0.4839480277079098
0.48327335377665886
0.4830847863307351
0.4831327763186401
0.48241645931512184
0.48372146156591717
0.4839526899816595
0.4862002243487789
0.48704298755079534
0.4859329916953793
0.48546118041969877
0.48477277173943867
0.48382635779698735
0.48351299042252244
0.4812520038806404
0.4830496470460299
0.4809002523205929
0.4812256801403065
0.48109942072580286
0.48181317272049706
0.48129640195893797
0.4832758092887207
0.4829289683493229
0.48590425598395387
0.4857571728446833
0.48630654610224083
0.48605352021046005
0.486658050557251
0.4873421752041332
0.48522008363599595
0.4838789659122131
0.4843085130079342
0.4849935125267509
0.4852173242215068
0.4848117118996382
0.48303365895189365
0.48342041367853683
0.48369255305635445
0.48369938617239405
0.48391419302411376
0.48286958132311736
0.4822452615410837
0.4823268049113457
0.48176545395977816
0.4814332006612175
0.48092937718478374
0.48004168448661805
0.4815724852689607
0.4793081953059139
0.4804485264194758
0.4806190918164205
0.4805580587997043
0.47996459069877917
0.48018445343198907
0.4802741433671118
0.4794502230138335
0.4813263724969079
0.48051918246867753
0.4811351566079507
0.47947473358469705
0.4804545952158422
0.48275682796242364
0.4849462606252234
0.4847096716959281
0.4867417294401926
0.486702953509614
0.4871645955728988
0.48749098053450396
0.4862641678773614
0.4847589579801015
0.48469468905026714
0.4864688792958359
0.4843914158516627
0.48592363087137563
0.4821761216819535
0.4828744282076756
0.48736585439751534
0.48792254413083175
0.48628126227060947
0.4852269884976498
0.48611968911235515
0.4867566681412606
0.48539156024331853
0.48120568914338946
0.4795057159044346
0.4796109000806261
0.4779183871657649
0.47833769508856006
0.4772485226785145
0.4770903040420264
0.47712304006385303
0.4788910906677197
0.47951560918621716
0.4788439926576862
0.4792210715127737
0.47930652781647937
0.4790971856352932
0.4799752218651024
0.4815446680636205
0.4791460847846168
0.4782399761881428
0.476979015444939
0.47833418364835273
0.47902140854048236
0.47822387249688286
0.4786156350779782
0.47897564971586054
0.4787467424636829
0.47856441117929904
0.4796503392007944
0.48105435652409984
0.4811611897177003
0.4805547326999405
0.48188601313208523
0.48146738260214506
0.48128248345278185
0.48025695069998525
0.4803857837694387
0.4805584904224177
0.4807308398372431
0.482099451165671
0.48298742542915046
0.48395570160808654
0.4839582590574275
0.48239385135506585
0.4838090677252659
0.4824507850578675
0.4842133580297975
0.48337575367105495
0.48451863403802087
0.48330893829740573
0.48406791170711316
0.48498535843340057
0.48636387044792356
0.4874844282232474
0.48761822125981236
0.4881280808884652
0.48788668326032647
0.48645939956841366
0.4851506934587158
0.48353739941321294
0.4836829674179104
0.4831285939119508
0.4825543175778041
0.48342966444688507
0.4843291750333208
0.4839194732233383
0.4847043160255004
0.48370002235253645
0.4831773158547776
0.48283422431769457
0.48568704821328346
0.4843033273104826
0.48414380716212085
0.4823629265933485
0.48050178623753287
0.48187094537573577
0.4835135004811485
0.48190190079472967
0.4831316421718895
0.482063915805121
0.4839958724348248
0.4837064574213324
0.48346211083163815
0.481821450203285
0.4835253012945256
0.48305280137216056
0.483477656328529
0.4849237764427562
0.4843775795535249
0.4841154689391454
0.483385017090415
0.48302254961036156
0.48411700898759086
0.4852024513985715
0.48487660237183206
0.48560113007972655
0.48861712911735
0.48933488204337666
0.4883173758498085
0.48967100451705375
0.4899222350438937
0.48895105564865
0.4900333312067141
0.48996670302068207
0.4889168525813768
0.4906191523392499
0.49070646796124684
0.49274306587810307
0.4907290514886131
0.4892333203253151
0.49026736259348713
0.48814077743629625
0.48941149947218604
0.48806477037347856
0.4857033577814949
0.4845898243301859
0.48452312064200637
0.482083931731383
0.48191415348793076
0.4819948526745288
0.48184380227247864
0.47999923909532516
0.48191489492716894
0.48242854735955587
0.47984447295956323
0.480932748238171
0.4805955113780997
0.48179801833224795
0.48419187710719785
0.48736890427184587
0.4876020455279201
0.4864919675886631
0.4844312592747561
0.48242127088569087
0.4829309566762793
0.48292467933312067
0.4836027169755351
0.48200518679951626
0.48072306847038376
0.4810218537611018
0.48250097421688337
0.4808640582099063
0.4780760483064256
0.4778980156312637
0.4780446397348494
0.4786622378379603
0.4779639727421604
0.4765706564992917
0.47757380258296944
0.47606326272077876
0.4758874518642328
0.47606913226845365
0.4743786476513997
0.4749480795379981
0.47491208228550863
0.4759134085405123
0.475143763233051
0.47656533948029106
0.4763517696593953
0.4756992729346704
0.4763719565520937
0.47568749497063484
0.47592965504018014
0.474989537363003
0.476833037751069
0.4766059143770242
0.4756127099903179
0.47476486024953457
0.4758872860823573
0.47649262065753384
0.47864576005091314
0.4788524429852766
0.47792402884105845
0.479257540591707
0.4799420157554499
0.4796870294774825
0.47854523333638943
0.4798493842165176
0.4800432834745449
0.48320160097479836
0.4850740019868811
0.486324668280979
0.48673826354349653
0.4871958193008354
0.48533919294650363
0.4871886768029381
0.48567629933873807
0.4865132349042346
0.48743498065878943
0.4869642735400798
0.486796898140361
0.4875484920058152
0.4840468400235475
0.48329164111639084
0.48233063549717275
0.4828829703517258
0.48294390397687736
0.4824086742727458
0.479943167892943
0.47909594248853626
0.48018016154415905
0.48060849976713466
0.48081494396323965
0.4808728623916956
