0.7173683808544276
0.7169567829335731
0.7084521884282429
0.6972538070460658
0.6697855918848016
0.6705349054896086
0.6670064388745026
0.6650070414647956
0.66128929040879
0.6469941906134784
0.6299651593878369
0.6267040657014648
0.6094273114661377
0.6079176130366325
0.6052549843665959
0.611097162100822
0.6047730880181242
0.6014271892779072
0.5951495989561082
0.5854319870060185
0.5889680830011268
0.5864115767582259
0.5694987208082527
0.5590016248185437
0.5551541230277717
0.5531008262151231
0.5393441626447688
0.5340667917804669
0.5379956053181243
0.5298321068659425
0.5341593413251639
0.5244925482563675
0.5172699241417149
0.506564288115576
0.4908421877607951
0.4896669315848749
0.48181203999424993
0.4713247803447643
0.4686705626473328
0.4654574661082776
0.4655080534026028
0.4567667559737963
0.4451027057545633
0.4338765861443433
0.43210787593697525
0.43824291911999397
0.4343499772386003
0.43452374499363194
0.4305742309444894
0.4206689966452121
0.42311244058800246
0.4179909197516742
0.41731521080834194
0.4152474735426655
0.4131635107213507
0.4062599552222593
0.4049353225353858
0.40435035321640495
0.4039999284487467
0.4054069348364076
0.4049355007771157
0.4031848551475507
0.4068838961514087
0.4115251818387957
0.41481531897341223
0.4048410351183019
0.3991719177904977
0.39344448426840223
0.39259815618962074
0.3923890451556696
0.3946534629249078
0.3961075276329618
0.39447847810817277
0.3944128732246657
0.39369336018445605
0.39397036134928487
0.3928061262529841
0.3862805983298273
0.3865464975667496
0.37856216436299206
0.3784730395231894
0.3746662747335436
0.374375514924452
0.3745705834995212
0.37259989220745854
0.3700164440352472
0.3684577293190612
0.3661512318920098
0.36762248590901514
0.3691609819593282
0.36581585013662804
0.36245562372592616
0.357705496485606
0.35761159709818685
0.3555755816564462
0.36087501112458625
0.35467133945172064
0.3507932136751961
0.35506379462167637
0.34908673851283895
0.35249885400836695
0.3501148236789555
0.3434253057108326
0.34144530527621525
0.3380908518710486
0.33340471628998736
0.3293278590192896
0.3246788448975982
0.31761149968922153
0.3153566583630445
0.31013111912498875
0.30214093625026445
0.30447282088836053
0.3034824155529589
0.3085998887386173
0.3117662870337567
0.30067276664284387
0.2955575683675459
0.2927187102694561
0.2959773354922485
0.2990138537559659
0.29563334116353357
0.2970015392208472
0.29778226171762995
0.2904908733441183
0.2925399094045412
0.28940994557597993
0.2933503638945644
0.29357496140340966
0.28288211775364985
0.28358378764485326
0.28062820860353616
0.27926789647096156
0.2820229175833116
0.28416800045317664
0.2878986907130233
0.2839749242540823
0.28917230550196027
0.2911197609084596
0.2910721094189833
0.2786414612438034
0.2740236619877816
0.2742094176875801
0.27704468799531473
0.27894838669004546
0.278805633511568
0.2824997786643358
0.28426671828895805
0.281451720132033
0.2855548937323318
0.2830517783508574
0.2816643040320898
0.2787886149245873
0.2821507337647801
0.2817540107264122
0.2828027657270432
0.282843988810964
0.28580404523699243
0.2896847951592133
0.27928977951804795
0.2746535641597212
0.2697191592727727
0.2630020594649762
0.2612434429260964
0.2644732951129848
0.26543171237168217
0.25800362178870795
0.2622480391698952
0.2550477344251425
0.24988993223578984
0.2491612432764222
0.24215466213760284
0.2447069048731154
0.23875061769189942
0.23656330879465992
0.2370040189679465
0.2306219281892604
0.2287381622735909
0.2304125087709726
0.2273473449441668
0.22699255609399335
0.22639196385623273
0.22898944385573286
0.22826619037727536
0.22577782033327984
0.23277505321701372
0.2316443835610028
0.22540514207400397
0.22618055962829553
0.22302511960752322
0.22599792336088914
0.22159016901454587
0.22089221791001665
0.2169762866689887
0.21890873176580924
0.21711193140232324
0.21541881267618393
0.21220544741635539
0.21129248804296064
0.20645994833080727
0.20357879861421896
0.20317070920315894
0.20175083811176328
0.20952515455305587
0.20701645180335898
0.20833651460085076
0.20702235994926357
0.20420167375585693
0.2022037218985086
0.2036069212012987
0.20282661356978116
0.1995342172860976
0.1987586032918221
0.19966893862817436
0.19535401204578587
0.19996807669175176
0.19675016497914996
0.2023432140011589
0.20397596242246532
0.20728113385440164
0.2033988583852475
0.2018968089697883
0.19535501145831
0.1957494506230081
0.19003972725547222
0.18668658005227642
0.19307017193623513
0.19032124311344079
0.18918891745356842
0.1829333956958726
0.19086216532114272
0.18578329416225978
0.18433573929788544
0.18335881661811224
0.1944657075266106
0.19253938893112663
0.19198786752824354
0.19841526312524446
0.19473902064415943
0.1949293463264716
0.19352926554415367
0.1874387037738164
0.1852185686218056
0.1839827021146441
0.1905299759037047
0.19079939974543947
0.18474207193981235
0.1753699245565944
0.17592551269703857
0.1767375986949354
0.178672740385104
0.17490017075267925
0.17509792522707954
0.18295864043693372
0.1853152992772808
0.18118571437149622
0.1819129148630735
0.17433134002570067
0.17597380554430803
0.17340437999126815
0.1715672704362994
0.17501623103036854
0.17547737293227886
0.17753538231772065
0.18061017249502861
0.17400042186503611
0.1644990861382708
0.16434290580275165
0.16414045078801615
0.1566218455598193
0.1568229350555751
0.1563688434265492
0.1565139496476514
0.1576517497690271
0.160808602845228
0.1651471491134229
0.16111332024504127
0.1577545730280442
0.16100796437841539
0.16025005334878348
0.15998592617696147
0.16241260746438674
0.152679130058419
0.15270695871117831
0.15360418262772266
0.1577717843109866
0.16083301505048447
0.15865112308665488
0.1563813559503108
0.15842911989248662
0.1553548223013741
0.15988864572185407
0.15844116375527037
0.16265523368227594
0.17332111772800488
0.16825241601052385
0.16244801625327518
0.15935275608076405
0.15638047150860232
0.15333230450854946
0.14835667232766128
0.14669043432435022
0.14632758349243555
0.14749614124593644
0.14207084388529267
0.1401202376127306
0.13657578883279742
0.13369323153939108
0.13922167960311602
0.1402630051674943
0.14640549464236327
0.13978125937143968
0.13877437826832145
0.13663794793803255
0.13977996882210808
0.14313409618407494
0.14127779530954246
0.13723871352453415
0.13917940001285956
0.14132668347536284
0.138576738074006
0.13545735768675812
0.13326884422205396
0.13422693828163057
0.13049211901060007
0.13053750563956806
0.1315474115675068
0.13753621206377328
0.136642927217614
0.1337747529306326
0.13648637782290587
0.14059497163143014
0.14321834095381827
0.1423993493995009
0.14222352028580387
0.14350443167952825
0.13847749512405452
0.1358804791987688
0.14279147660152372
0.13918043582577264
0.13459929797089976
0.1324564112275405
0.13456892758069566
0.13420537551940115
0.13855725994794946
0.13698637199471403
0.13869628572568923
0.1425063166044466
0.14212657113519808
0.14138774196818474
0.14049373009702196
0.1420386829135319
0.13932043514280276
0.13831133318469557
0.13667600456888485
0.13242614311600737
0.13646215936877462
0.13949441751278943
0.1386339084086009
0.13994861987932908
0.14373680922168627
0.14702421803470087
0.14787707815588774
0.14653845663864795
0.15209824291621027
0.1471912811471895
0.14819280264708526
0.15605166064428164
0.15913605184955534
0.14726013500421622
0.1454407016093346
0.14681222770730037
0.1434794612468407
0.14195287024831404
0.14552765945549442
0.14424786943745496
0.14505773098734523
0.14337892156657456
0.1468588640268396
0.14736878751662877
0.14581944905140135
0.14604470552612098
0.14434867623584352
0.13937907695765306
0.13698750692789766
0.14061477122589952
0.14386672961904365
0.13984709157368796
0.13860865317564466
0.13445981332237536
0.13388797969766592
0.1312545204395057
0.13042688930939275
0.12682948658456417
0.12996251275204135
0.12909538649669547
0.13510438298668725
0.13970830923299002
0.14242447656980411
0.14524959551021463
0.14807903231572983
0.147903986471016
0.14599877179802095
0.13977311543158571
0.15020137265456848
0.1409847265335297
0.13666909059276197
0.13932701547093077
0.13585549675690642
0.143419241777702
0.14344619413327434
0.13984659645385425
0.14044987672522674
0.13904580131927513
0.14323810520727814
0.14400510265491287
0.14594781528507056
0.14487644570353142
0.14324479407267035
0.1414352526291337
0.14433390946021937
0.13858756354795165
0.13877522117606064
0.13639874739516542
0.14082427201634287
0.14017075960696992
0.13765349861482792
0.1374282782067732
0.13775888525931795
0.1398010726281815
0.14676633362724142
0.14822324141462032
0.1384509064383123
0.1355424995825937
0.14260872868468372
0.1403393755909366
0.14221236258767553
0.14264181320680314
0.13809581169120977
0.13487647150691606
0.14217156273085016
0.14006067880136905
0.1373965335942743
0.13606163368450488
0.1333308568917589
0.13649456946995123
0.145451062485197
0.1427928960982649
0.13596631340336068
0.13741709961731619
0.13525589465403937
0.13917134797619665
0.140598595015028
0.13914507368503148
0.14088589511193966
0.1391975810826384
0.1383866664451424
0.14574721966738513
0.14407140105756008
0.14696518079460297
0.13971194487411545
0.13629294048795484
0.1370148219556735
0.13748401360508067
0.140785791118083
0.14373528755492845
0.1455745376404686
0.14533013413886234
0.143469407144903
0.1503469859581131
0.1494064904269452
0.15219711479298775
0.14753769444725792
0.15260138592878988
0.15064517764784402
0.15897241990622138
0.15322082254804054
0.1521448378337175
0.15009920612237107
0.15197718994501982
0.15146791716016836
0.15144261106128498
0.1534149456262589
0.15631188449806227
0.1609589722850422
0.1574195120351575
0.1556311984870397
0.1594816448985103
0.15648469698190698
0.15199626248344164
0.1502376230163003
0.15138558796160553
0.1483557041276185
0.15197204146462814
0.1561645573171974
0.1503549636498902
0.15043144668513297
0.14526299019360922
0.14474296718773752
0.14800123679630464
0.14822507350264744
0.14841722897994028
0.14241727714115138
0.14011841094898694
0.14462307936492072
0.1427831644038236
0.14332054976082723
0.1391936324047795
0.14100606960931186
0.13951719866385692
0.14006167409312603
0.13931006426398962
0.13570420405810707
0.135152057912772
0.1324676528279174
0.13359831398628047
0.1342452836049039
0.13522428399835412
0.13677319567839316
0.1368538513306467
0.1349278851366603
0.13647749614074836
0.13476737570650885
0.1342167415738914
0.1351516230060099
0.13583106600836548
0.13940734513043126
0.13782811716600643
0.1367950593630722
0.13780898139159514
0.13400397633191208
0.13368668441832696
0.1319638367215297
0.1319386163910852
0.13360754157817625
0.13573308307435375
0.14133136887495107
0.14136040566879027
0.14326224016273406
0.14504872532449672
0.14882211305856713
0.1493201081026471
0.1514575873609695
0.14756581051929551
0.14559142906895542
0.15201764947549137
0.1527353640418563
0.14759107967063795
0.15195501579216997
0.144402735010932
0.14375796456079942
0.14813503677241519
0.14140140460401165
0.13372388589555406
0.13687775106343145
0.1345261051521079
0.13649877778497846
0.132711978329532
0.13241899705233065
0.1319403312812188
0.12916564204414074
0.12683461560587095
0.1274208047029129
0.1307791579844431
0.1279787436624493
0.12458205923602618
0.125935133941124
0.1293423848407282
0.1299602961342348
0.134737196436779
0.13156170765331646
0.12892377369930355
0.12841665547206385
0.12839213553668938
0.1286305334795453
0.1253940814782804
0.12572186874841035
0.12350094138384492
0.1259351501878165
0.1274271789641803
0.12561712639504427
0.11944190629354993
0.1210917009368229
0.1192115147329557
0.11797855968987571
0.12095162100433687
0.12023230357756222
0.1233428659183346
0.1270230696918133
0.12162175375043109
0.12388030825627976
0.1244797269178679
0.12554227519751843
0.12215160614686713
0.1222323743294304
0.12790262780468292
0.1257191436201334
0.12747625238347798
0.13014089356023817
0.1273538737353745
0.1264512397260902
0.12311568535150343
0.1251896243326366
0.1219761802385065
0.11983936336478843
0.1217452163144512
0.11999673296404387
0.1253702550158153
0.12733183461812017
0.12211344967396934
0.12335085184000437
0.12640301643970736
0.12682399318008375
0.12592020489494635
0.12371482757077244
0.1255796555140739
0.12211937447368484
0.12274094944299514
0.11987236064387491
0.12008137013257177
0.12350554137006095
0.12452612575433841
0.12540340345267828
0.12589789267615728
0.12694398900692977
0.12963366263970733
0.13330779051778222
0.13286189110623675
0.13308292565992413
0.1389115727807023
0.14005260491134602
0.1491120734900764
0.15229713970224992
0.14477859518028485
0.15199429186187377
0.15054142884422098
0.15402214214486382
0.15197614106000712
0.1541602591831486
0.15269643474015412
0.1446201796561759
0.1408496354263463
0.13624109028543974
0.13934656785295657
0.13774776867024296
0.1340663772023594
0.13225804171162972
0.13354940254716832
0.13891950358795624
0.13474176228300364
0.13388588974198332
0.1378927302812599
0.13356571154681973
0.13406508740196627
0.13978964231746274
0.14263260437971603
0.14664080730285498
0.14057623373120404
0.13909605441845338
0.1381036578592534
0.13734641080878057
0.1415603796484321
0.13598561337727438
0.1428525104822777
0.1416652503516091
0.14358421038300426
0.13921772655225675
0.14087093952508029
0.13739113580984375
0.14152255432869618
0.13789431226586307
0.13982765149529716
0.13299784431121936
0.13817119850062154
0.13543411675138092
0.1349089951744986
0.13280117668800678
0.13690067687697088
0.13261073135143772
0.12983855774185935
0.12873849924751873
0.12671000774482893
0.12338193568413153
0.12560858846733666
0.12231632313922673
0.12730871313681832
0.1275177536168074
0.12763619156471143
0.12680191735588017
0.12551102669826403
0.1251390121911373
0.12822317571872227
0.1264828628372091
0.12814930554144088
0.1267331933019155
0.1279805124061679
0.12220180721790534
0.12087229350248663
0.11810917281862962
0.11853168139009111
0.12261744704660958
0.12122726024708401
0.11941914738583377
0.118852640529812
0.11945593361750552
0.1188819442787921
0.1171032923309939
0.11669794652198125
0.11949683928199105
0.11594048545609219
0.11508701921562343
0.11702047215858778
0.11634739363928318
0.11457302553107335
0.11563380053490395
0.11267374333277336
0.1133743232877831
0.11398309957133908
0.11680728484168952
0.1149817955595813
0.11275255934974174
0.11515833849973041
0.11598111814904023
0.11273250154419179
0.11346280991106603
0.1176780582820096
0.12099452889480318
0.12020815158961026
0.11389811116546697
0.1145040727439212
0.11663936091618611
0.11345351068254556
0.10868755261949879
0.1113096501243797
0.10929638449316839
0.10982900794037302
0.10872506263628288
0.11062163177950925
0.1122256018392462
0.11405454394596318
0.10921313479399303
0.10888040473198204
0.10986504046666122
0.11351083708342782
0.11435542561538205
0.11012761095958917
0.1147547724899758
0.11052055117333309
0.1119941211272916
0.11237883015945402
0.11681730400910136
0.11494302887185787
0.11511402821647312
0.10903903910822854
0.1103510909797158
0.10980288113053577
0.11137541530359535
0.11674172457682276
0.11876031953397828
0.11651902571371132
0.11671129654599043
0.11509813278405613
0.11975094462955681
0.11974741836776642
0.11739114212309938
0.11366358248797243
0.12215188962194137
0.13063235446255653
0.12938289884566637
0.1248292984951039
0.11741770082066148
0.11365187667174263
0.11361461289760966
0.11258653074437439
0.1084711730539085
0.10625579230163866
0.10582841351012388
0.1122392655965406
0.12088693917996872
0.12739697515932225
0.12550451201558732
0.12176672321299091
0.11925522737096066
0.1186836645815677
0.12163064582553072
0.12216080999559413
0.12582143012057373
0.12586251120211248
0.11900370885678259
0.12063775174252066
0.11727402206231839
0.11789449481462437
0.11620188556908319
0.11909354964761684
0.11697152030081799
0.1139379088158005
0.1179150487683434
0.11962259982239144
0.11407388038395902
0.11318699868518235
